BalanceComponent,Generation,Storage_Discharge,Storage_Charge,Flexible_Demand_Defer,Flexible_Demand_Stasify,Demand_Response,Nonserved_Energy,Transmission_NetExport,Transmission_Losses,Demand,Generation,Storage_Discharge,Storage_Charge,Flexible_Demand_Defer,Flexible_Demand_Stasify,Demand_Response,Nonserved_Energy,Transmission_NetExport,Transmission_Losses,Demand,Generation,Storage_Discharge,Storage_Charge,Flexible_Demand_Defer,Flexible_Demand_Stasify,Demand_Response,Nonserved_Energy,Transmission_NetExport,Transmission_Losses,Demand
Zone,1,1,1,1,1,1,1,1,1,1,2,2,2,2,2,2,2,2,2,2,3,3,3,3,3,3,3,3,3,3
AnnualSum,2.895293639814641e7,6.34717216140333e6,-7.499021929824348e6,0.0,0.0,697231.1637993753,0.0,5.4430118296377264e7,-434122.089901984,-8.249431400000015e7,5.344490419227098e7,6.1863170674043605e6,-7.308975741262239e6,0.0,0.0,148562.38075264252,0.0,-2.872893968491597e7,-177792.21424973194,-2.3564075999999933e7,3.8431404218190335e7,7.025277118283001e6,-8.300185631241736e6,0.0,0.0,47231.7818818711,0.0,-2.570117861146137e7,-256329.8756522492,-1.1246219000000006e7
t1,0.0,0.0,-0.0,0.0,0.0,0.0,0.0,8921.446936160542,-69.58895590027052,-8851.857980260273,7323.711739515172,156.4272623821091,-0.0,0.0,0.0,0.0,0.0,-4921.4469361605425,-30.28126190027052,-2528.4108038364684,5246.691072485813,0.0,-0.0,0.0,0.0,0.0,0.0,-4000.0,-39.307694,-1207.3833784858127
t2,0.0,0.0,-69.44203719016568,0.0,0.0,0.0,0.0,8699.547242628683,-68.22362517079401,-8561.881580267725,7174.008395735631,0.0,-0.0,0.0,0.0,0.0,0.0,-4699.547242628684,-28.91593117079402,-2445.5452219361523,5207.286928752803,0.0,-0.0,0.0,0.0,0.0,0.0,-4000.0,-39.307694,-1167.979234752803
t3,0.0,0.0,-620.2904959331221,0.0,0.0,0.0,0.0,9113.511629534149,-70.77071430532581,-8422.4504192957,7550.0976367023,0.0,-0.0,0.0,0.0,0.0,0.0,-5113.511629534148,-31.463020305325802,-2405.1229868628275,5187.079675556388,0.0,-0.0,0.0,0.0,0.0,0.0,-4000.0,-39.307694,-1147.7719815563876
t4,0.0,0.0,-0.0,0.0,0.0,0.0,0.0,8427.366725293481,-66.54892063034268,-8360.817804663138,6619.9390186354385,223.62302612188728,-0.0,0.0,0.0,0.0,0.0,-4427.366725293481,-27.241226630342677,-2388.9540928334977,5178.996774277821,0.0,-0.0,0.0,0.0,0.0,0.0,-4000.0,-39.307694,-1139.6890802778216
t5,0.0,1317.2516642763646,-0.0,0.0,0.0,0.0,0.0,7157.874368250327,-58.73783762108326,-8416.388194905612,5581.416942857406,0.0,-0.0,0.0,0.0,0.0,0.0,-3157.874368250328,-19.430143621083257,-2404.1124309859947,5187.079675556388,0.0,-0.0,0.0,0.0,0.0,0.0,-4000.0,-39.307694,-1147.7719815563876
t6,0.0,0.0,-0.0,0.0,0.0,0.0,0.0,8714.05524271017,-68.3128917128934,-8645.742350997278,6037.102250516493,1175.756752886723,-0.0,0.0,0.0,0.0,0.0,-4714.055242710171,-29.005197712893402,-2469.7985629801474,9308.681366061785,0.0,-4091.2908107107755,0.0,0.0,0.0,0.0,-4000.0,-39.307694,-1178.0828613510105
t7,0.0,1032.1609047935112,-0.0,0.0,0.0,0.0,0.0,8084.187849315193,-64.43736897552667,-9051.911385133179,6695.330013106676,0.0,-0.0,0.0,0.0,0.0,0.0,-4084.1878493151935,-25.12967497552667,-2586.012488815956,5273.9708643009735,0.0,-0.0,0.0,0.0,0.0,0.0,-4000.0,-39.307694,-1234.6631703009734
t8,0.0,2413.039623168506,-0.0,0.0,0.0,0.0,0.0,7142.075512453439,-58.64062854897174,-9496.474507072971,5873.740420422508,0.0,-0.0,0.0,0.0,0.0,0.0,-3142.075512453439,-19.332934548971746,-2712.3319734200963,5334.592623890218,0.0,-0.0,0.0,0.0,0.0,0.0,-4000.0,-39.307694,-1295.2849298902192
t9,2619.1111448011425,0.0,-2357.9805880079475,0.0,0.0,0.0,0.0,9900.0,-75.60991315,-10085.520643643194,10977.199833310679,0.0,-2160.813365186282,0.0,0.0,0.0,0.0,-5900.0,-36.30221915,-2880.0842489743945,5414.411274016059,0.0,-0.0,0.0,0.0,0.0,0.0,-4000.0,-39.307694,-1375.1035800160596
t10,4914.295439969408,0.0,-2895.8437335655512,0.0,0.0,0.0,0.0,8496.76797075038,-66.97594083743746,-10448.2437363168,8086.427112138779,0.0,-577.8193902627552,0.0,0.0,0.0,0.0,-4496.767970750379,-27.66824683743747,-2984.171504288206,3163.748942308587,2300.17010203869,-0.0,0.0,0.0,0.0,0.0,-4000.0,-39.307694,-1424.611350347277
t11,6759.113037135086,0.0,-2895.8437335655512,0.0,0.0,0.0,0.0,6784.889971673187,-56.442895027172426,-10591.71638021555,7439.723285799868,0.0,-1612.0938178611445,0.0,0.0,0.0,0.0,-2784.889971673187,-17.13520102717243,-3025.604295238364,1566.0335948553218,3917.0823400285494,-0.0,0.0,0.0,0.0,0.0,-4000.0,-39.307694,-1443.8082408838713
t12,6408.694028796175,0.0,-2895.8437335655512,0.0,0.0,0.0,0.0,7135.445176151642,-58.5998326300792,-10589.695638752188,8418.563964280265,0.0,-2239.232910137012,0.0,0.0,0.0,0.0,-3135.4451761516425,-19.2921386300792,-3024.593739361531,903.4643184886622,4578.641253735388,-0.0,0.0,0.0,0.0,0.0,-4000.0,-39.307694,-1442.7978782240507
t13,6838.589513253189,0.0,-2895.8437335655512,0.0,0.0,0.0,0.0,6638.840769155718,-55.54426618709245,-10526.042282656263,8907.335833834006,0.0,-3245.854758912661,0.0,0.0,0.0,0.0,-2638.8407691557177,-16.236572187092445,-3006.4037335785347,648.9347429083836,4825.087928037101,-0.0,0.0,0.0,0.0,0.0,-4000.0,-39.307694,-1434.7149769454845
t14,6318.379851389239,0.0,-2895.8437335655512,0.0,0.0,0.0,0.0,7081.957604993729,-58.270727963981614,-10446.222994853435,7174.027937990924,0.0,-1088.935794745008,0.0,0.0,0.0,0.0,-3081.9576049937295,-18.963033963981612,-2984.171504288206,444.7827631283979,5018.125918559059,-0.0,0.0,0.0,0.0,0.0,-4000.0,-39.307694,-1423.6009876874562
t15,5092.515416719096,0.0,-1273.190090357477,0.0,0.0,0.0,0.0,6651.196465589959,-55.620289780263064,-10414.901502171315,5642.585562766931,0.0,-0.0,0.0,0.0,0.0,0.0,-2651.196465589959,-16.312595780263074,-2975.076501396708,806.477316065086,4652.389914983087,-0.0,0.0,0.0,0.0,0.0,-4000.0,-39.307694,-1419.559537048173
t16,3749.8446459359807,0.0,-979.2152041718347,0.0,0.0,0.0,0.0,7724.684105315684,-62.22537173825282,-10433.088175341578,6727.731063834811,0.0,-0.0,0.0,0.0,0.0,0.0,-3724.684105315684,-22.91767773825282,-2980.1292807808736,1965.0242486361021,3496.8740703915337,-0.0,0.0,0.0,0.0,0.0,-4000.0,-39.307694,-1422.5906250276355
t17,1312.5660449808026,2895.8437335655512,-0.0,0.0,0.0,0.0,0.0,6768.016161312874,-56.33907184724096,-10920.086868011987,5290.82399557854,612.7989794885934,-0.0,0.0,0.0,0.0,0.0,-2768.0161613128735,-17.031377847240964,-3118.575435907011,4961.92074711488,566.6615074609256,-0.0,0.0,0.0,0.0,0.0,-4000.0,-39.307694,-1489.2745605758057
t18,0.0,1822.1533372408735,-0.0,0.0,0.0,0.0,0.0,9900.0,-75.60991315,-11646.543424090874,5249.236371974446,4013.8157937101882,-0.0,0.0,0.0,0.0,0.0,-5900.0,-36.30221915,-3326.749946534634,5626.58743257842,0.0,-0.0,0.0,0.0,0.0,0.0,-4000.0,-39.307694,-1587.27973857842
t19,0.0,2299.145100068193,-0.0,0.0,0.0,0.0,0.0,9424.121679577933,-72.68187262852612,-11650.584907017601,8785.256360617925,0.0,-0.0,0.0,0.0,0.0,0.0,-5424.121679577932,-33.37417862852613,-3327.760502411467,10597.88416069287,0.0,-4970.286365454632,0.0,0.0,0.0,0.0,-4000.0,-39.307694,-1588.2901012382406
t20,0.0,2895.8437335655512,-0.0,0.0,0.0,0.0,0.0,8609.220803016751,-67.66785394946662,-11437.396682632836,3986.5107063955766,3918.1974063721295,-0.0,0.0,0.0,0.0,0.0,-4609.22080301675,-28.360159949466624,-3267.12714980148,5599.307640763259,0.0,-0.0,0.0,0.0,0.0,0.0,-4000.0,-39.307694,-1559.9999467632592
t21,0.0,1193.7027421350765,-0.0,0.0,0.0,0.0,0.0,9900.0,-75.60991315,-11018.092828985078,6765.051485464315,2319.132290020856,-0.0,0.0,0.0,0.0,0.0,-5900.0,-36.30221915,-3147.8815563351714,5541.7169691534755,0.0,-0.0,0.0,0.0,0.0,0.0,-4000.0,-39.307694,-1502.4092751534758
t22,0.0,503.61953239671874,-0.0,0.0,0.0,0.0,0.0,9900.0,-75.60991315,-10328.009619246719,5903.833413288839,2983.2919662138743,-0.0,0.0,0.0,0.0,0.0,-5900.0,-36.30221915,-2950.823160352713,5446.742879130324,0.0,-0.0,0.0,0.0,0.0,0.0,-4000.0,-39.307694,-1407.435185130324
t23,0.0,704.6718286658481,-0.0,0.0,0.0,0.0,0.0,8921.000762204609,-69.58621062828283,-9556.08638024217,7680.79070215915,0.0,-0.0,0.0,0.0,0.0,0.0,-4921.000762204608,-30.27851662828283,-2729.5114233262593,5341.665162508964,0.0,-0.0,0.0,0.0,0.0,0.0,-4000.0,-39.307694,-1302.3574685089645
t24,0.0,444.50520645275986,-0.0,0.0,0.0,0.0,0.0,8394.892968990785,-66.34911225442333,-8773.049063189126,6927.102405914516,0.0,-0.0,0.0,0.0,0.0,0.0,-4394.892968990785,-27.041418254423334,-2505.1680186693065,10834.902375102412,0.0,-5599.325291874628,0.0,0.0,0.0,0.0,-4000.0,-39.307694,-1196.2693892277844
t25,0.0,0.0,-897.6827199744987,0.0,0.0,0.0,0.0,9179.129742825648,-71.17445720853216,-8210.272565642617,7556.496696163854,0.0,-0.0,0.0,0.0,0.0,0.0,-5179.129742825648,-31.86676320853217,-2345.5001901296737,5158.789521081406,0.0,-0.0,0.0,0.0,0.0,0.0,-4000.0,-39.307694,-1119.4818270814062
t26,0.0,0.0,-1901.0628090048858,0.0,0.0,0.0,0.0,9900.0,-75.60991315,-7923.327277845115,10193.13755058938,0.0,-1994.20072321002,0.0,0.0,0.0,0.0,-5900.0,-36.30221915,-2262.6346082293576,5119.385377348396,0.0,-0.0,0.0,0.0,0.0,0.0,-4000.0,-39.307694,-1080.0776833483965
t27,0.0,0.0,-2017.2554431482404,0.0,0.0,0.0,0.0,9900.0,-75.60991315,-7807.13464370176,9404.95629359045,0.0,-1238.3572542697516,0.0,0.0,0.0,0.0,-5900.0,-36.30221915,-2230.2968201706976,5104.229937451085,0.0,-0.0,0.0,0.0,0.0,0.0,-4000.0,-39.307694,-1064.922243451085
t28,0.0,0.0,-2011.1932187581524,0.0,0.0,0.0,0.0,9900.0,-75.60991315,-7813.196868091848,9928.330622220243,0.0,-1759.710471145878,0.0,0.0,0.0,0.0,-5900.0,-36.30221915,-2232.317931924364,5105.240300110905,0.0,-0.0,0.0,0.0,0.0,0.0,-4000.0,-39.307694,-1065.932606110906
t29,0.0,0.0,-1768.7042431546286,0.0,0.0,0.0,0.0,9900.0,-75.60991315,-8055.685843695372,10582.962703096884,0.0,-2345.6247523978673,0.0,0.0,0.0,0.0,-5900.0,-36.30221915,-2301.0357315490164,10736.897197099799,0.0,-5599.325291874628,0.0,0.0,0.0,0.0,-4000.0,-39.307694,-1098.2642112251701
t30,0.0,0.0,-1030.1232382955661,0.0,0.0,0.0,0.0,9900.0,-75.60991315,-8794.266848554435,9671.648829696867,0.0,-1224.1152566165604,0.0,0.0,0.0,0.0,-5900.0,-36.30221915,-2511.2313539303054,5237.597808547425,0.0,-0.0,0.0,0.0,0.0,0.0,-4000.0,-39.307694,-1198.290114547426
t31,0.0,1887.9755654494786,-0.0,0.0,0.0,0.0,0.0,8315.947724842354,-65.86336860121541,-10138.059921690625,7237.7459865704595,0.0,-0.0,0.0,0.0,0.0,0.0,-4315.947724842354,-26.555674601215426,-2895.242587126891,5421.483812634804,0.0,-0.0,0.0,0.0,0.0,0.0,-4000.0,-39.307694,-1382.1761186348049
t32,0.0,2895.8437335655512,-0.0,0.0,0.0,0.0,0.0,8061.259416890523,-64.29629219948491,-10892.80685825659,2862.993380600987,4334.756179258209,-0.0,0.0,0.0,0.0,0.0,-4061.2594168905234,-24.988598199484915,-3111.501544769179,5523.530441276702,0.0,-0.0,0.0,0.0,0.0,0.0,-4000.0,-39.307694,-1484.222747276702
t33,1312.5660449808026,2895.8437335655512,-0.0,0.0,0.0,0.0,0.0,6904.244038383215,-57.17727087228279,-11055.476546057287,5384.51331392936,696.5979723064663,-0.0,0.0,0.0,0.0,0.0,-2904.2440383832154,-17.869576872282796,-3158.997670980336,5546.768782452579,0.0,-0.0,0.0,0.0,0.0,0.0,-4000.0,-39.307694,-1507.4610884525796
t34,3895.5515188191707,0.0,-2572.52132302888,0.0,0.0,0.0,0.0,9900.0,-75.60991315,-11147.42028264029,11962.442152197329,0.0,-2841.8783651461654,0.0,0.0,0.0,0.0,-5900.0,-36.30221915,-3184.2615679011637,11158.218426245057,0.0,-5599.325291874628,0.0,0.0,0.0,0.0,-4000.0,-39.307694,-1519.5854403704288
t35,4290.525521345503,0.0,-2632.7111552453925,0.0,0.0,0.0,0.0,9650.573008665393,-74.07520920061795,-11234.312165564885,8894.865988688001,0.0,-0.0,0.0,0.0,0.0,0.0,-5650.573008665392,-34.76751520061795,-3209.525464821992,5571.017486288278,0.0,-0.0,0.0,0.0,0.0,0.0,-4000.0,-39.307694,-1531.7097922882779
t36,4556.651297437941,0.0,-2846.7891348686353,0.0,0.0,0.0,0.0,9581.936968528169,-73.6528972394909,-11218.146233857984,8819.744301328652,0.0,-0.0,0.0,0.0,0.0,0.0,-5581.936968528169,-34.34520323949089,-3203.462129560993,5568.9967609686355,0.0,-0.0,0.0,0.0,0.0,0.0,-4000.0,-39.307694,-1529.6890669686363
t37,4029.216501381436,0.0,-2743.5700226633558,0.0,0.0,0.0,0.0,9900.0,-75.60991315,-11110.03656556808,9817.276765000432,0.0,-707.8290925944319,0.0,0.0,0.0,0.0,-5900.0,-36.30221915,-3173.1454532559997,5553.841321071324,0.0,-0.0,0.0,0.0,0.0,0.0,-4000.0,-39.307694,-1514.5336270713249
t38,3141.7291847292786,0.0,-1931.8605108873007,0.0,0.0,0.0,0.0,9900.0,-75.60991315,-11034.258760691979,12204.330604627054,0.0,-3116.1046056345467,0.0,0.0,0.0,0.0,-5900.0,-36.30221915,-3151.923779842504,5543.737694473118,0.0,-0.0,0.0,0.0,0.0,0.0,-4000.0,-39.307694,-1504.4300004731174
t39,2867.174085412193,0.0,-1776.5291579086143,0.0,0.0,0.0,0.0,9900.0,-75.60991315,-10915.03501435358,10517.563812938499,0.0,-1463.6967137583206,0.0,0.0,0.0,0.0,-5900.0,-36.30221915,-3117.564880030178,11094.543597201246,0.0,-5566.97170528526,0.0,0.0,0.0,0.0,-4000.0,-39.307694,-1488.264197915985
t40,1573.8750649448705,0.0,-478.17828378288317,0.0,0.0,0.0,0.0,9900.0,-75.60991315,-10920.086868011987,10234.035814384144,0.0,-1179.1581593271321,0.0,0.0,0.0,0.0,-5900.0,-36.30221915,-3118.575435907011,5528.582254575806,0.0,-0.0,0.0,0.0,0.0,0.0,-4000.0,-39.307694,-1489.2745605758057
t41,320.3142825365995,2895.8437335655512,-0.0,0.0,0.0,0.0,0.0,8267.60755812386,-65.56593549512012,-11418.19963873089,5645.313769676918,1909.6158444825312,-0.0,0.0,0.0,0.0,0.0,-4267.607558123859,-26.258241495120117,-3261.063814540481,5595.266190123975,0.0,-0.0,0.0,0.0,0.0,0.0,-4000.0,-39.307694,-1555.9584961239761
t42,0.0,2319.255737228097,-0.0,0.0,0.0,0.0,0.0,9900.0,-75.60991315,-12143.645824078098,8354.883614809258,1049.6463736320152,-0.0,0.0,0.0,0.0,0.0,-5900.0,-36.30221915,-3468.2277692912708,5695.292093446232,0.0,-0.0,0.0,0.0,0.0,0.0,-4000.0,-39.307694,-1655.984399446232
t43,0.0,2434.848509522657,-0.0,0.0,0.0,0.0,0.0,9682.028996718751,-74.26875533144725,-12042.608750909962,9156.922262790142,0.0,-0.0,0.0,0.0,0.0,0.0,-5682.028996718751,-34.96106133144725,-3439.9322047399432,5681.147016208741,0.0,-0.0,0.0,0.0,0.0,0.0,-4000.0,-39.307694,-1641.8393222087411
t44,0.0,1836.2985274844127,-0.0,0.0,0.0,0.0,0.0,9900.0,-75.60991315,-11660.688614334413,9873.306213729335,0.0,-606.2118245373664,0.0,0.0,0.0,0.0,-5900.0,-36.30221915,-3330.7921700419665,5629.618520557882,0.0,-0.0,0.0,0.0,0.0,0.0,-4000.0,-39.307694,-1590.3108265578821
t45,0.0,1286.656849449761,-0.0,0.0,0.0,0.0,0.0,9900.0,-75.60991315,-11111.046936299761,10339.303298372657,0.0,-1229.8556259666568,0.0,0.0,0.0,0.0,-5900.0,-36.30221915,-3173.1454532559997,11153.166612945952,0.0,-5599.325291874628,0.0,0.0,0.0,0.0,-4000.0,-39.307694,-1514.5336270713249
t46,0.0,478.3602641046833,-0.0,0.0,0.0,0.0,0.0,9900.0,-75.60991315,-10302.750350954684,9867.122744441123,0.0,-988.0818119530747,0.0,0.0,0.0,0.0,-5900.0,-36.30221915,-2942.738713338048,5443.711791150861,0.0,-0.0,0.0,0.0,0.0,0.0,-4000.0,-39.307694,-1404.4040971508616
t47,0.0,0.0,-535.041579771704,0.0,0.0,0.0,0.0,9900.0,-75.60991315,-9289.348507078295,9375.419308811419,0.0,-786.4079129744753,0.0,0.0,0.0,0.0,-5900.0,-36.30221915,-2652.709176686942,5305.292106755416,0.0,-0.0,0.0,0.0,0.0,0.0,-4000.0,-39.307694,-1265.984412755417
t48,0.0,0.0,-1453.4685748700476,0.0,0.0,0.0,0.0,9900.0,-75.60991315,-8370.921511979952,10473.873045138924,0.0,-2146.595621401758,0.0,0.0,0.0,0.0,-5900.0,-36.30221915,-2390.975204587164,5181.017499597463,0.0,-0.0,0.0,0.0,0.0,0.0,-4000.0,-39.307694,-1141.7098055974632
t49,0.0,0.0,-2037.4628577818673,0.0,0.0,0.0,0.0,9900.0,-75.60991315,-7786.927229068133,10714.429371314744,0.0,-2553.8936672550426,0.0,0.0,0.0,0.0,-5900.0,-36.30221915,-2224.233484909699,5100.188486811801,0.0,-0.0,0.0,0.0,0.0,0.0,-4000.0,-39.307694,-1060.880792811802
t50,0.0,0.0,-2407.258545577239,0.0,0.0,0.0,0.0,9900.0,-75.60991315,-7417.131541272761,10759.182719934975,0.0,-2703.74482706592,0.0,0.0,0.0,0.0,-5900.0,-36.30221915,-2119.1356737190545,10648.995645695393,0.0,-5599.325291874628,0.0,0.0,0.0,0.0,-4000.0,-39.307694,-1010.3626598207638
t51,0.0,0.0,-2588.1149065482,0.0,0.0,0.0,0.0,9900.0,-75.60991315,-7236.2751803018,10796.055224192489,0.0,-2793.166236918756,0.0,0.0,0.0,0.0,-5900.0,-36.30221915,-2066.5867681237323,5025.421649985065,0.0,-0.0,0.0,0.0,0.0,0.0,-4000.0,-39.307694,-986.1139559850654
t52,0.0,0.0,-2634.591960205543,0.0,0.0,0.0,0.0,9900.0,-75.60991315,-7189.798126644458,9204.111224932187,0.0,-1214.3594640572833,0.0,0.0,0.0,0.0,-5900.0,-36.30221915,-2053.449541724902,5019.359474026141,0.0,-0.0,0.0,0.0,0.0,0.0,-4000.0,-39.307694,-980.0517800261408
t53,0.0,0.0,-400.0716496253409,0.0,0.0,0.0,0.0,7858.02081645607,-63.04578165495765,-7394.903385175771,5993.82068669225,0.0,-0.0,0.0,0.0,0.0,0.0,-3858.0208164560695,-23.738087654957656,-2112.061782581223,5047.649628501122,0.0,-0.0,0.0,0.0,0.0,0.0,-4000.0,-39.307694,-1008.3419345011222
t54,0.0,1729.3599109911663,-0.0,0.0,0.0,0.0,0.0,6401.628436104151,-54.084718034631294,-8076.903629060679,4723.504526948796,0.0,-0.0,0.0,0.0,0.0,0.0,-2401.6284361041508,-14.777024034631296,-2307.099066810015,5140.602993204633,0.0,-0.0,0.0,0.0,0.0,0.0,-4000.0,-39.307694,-1101.2952992046326
t55,0.0,2895.8437335655512,-0.0,0.0,0.0,0.0,0.0,6593.2515475653445,-55.263759422168434,-9433.831521708727,4972.335833771409,331.01374685320485,-0.0,0.0,0.0,0.0,0.0,-2593.251547565345,-15.956065422168441,-2694.1419676371,5325.499359951832,0.0,-0.0,0.0,0.0,0.0,0.0,-4000.0,-39.307694,-1286.1916659518322
t56,0.0,2895.8437335655512,-0.0,0.0,0.0,0.0,0.0,7346.57137524537,-59.89887492631768,-10182.516233884604,5674.971857365901,600.5705123315238,-0.0,0.0,0.0,0.0,0.0,-3346.5713752453703,-20.591180926317683,-2908.379813525722,11026.871280468358,0.0,-5599.325291874628,0.0,0.0,0.0,0.0,-4000.0,-39.307694,-1388.2382945937295
t57,1213.8225443492192,0.0,-779.9185924385146,0.0,0.0,0.0,0.0,9900.0,-75.60991315,-10258.294038760705,10081.979030202576,0.0,-1215.0647682365222,0.0,0.0,0.0,0.0,-5900.0,-36.30221915,-2930.6120428160507,5437.649615191937,0.0,-0.0,0.0,0.0,0.0,0.0,-4000.0,-39.307694,-1398.341921191937
t58,4300.159033602244,0.0,-2895.8437335655512,0.0,0.0,0.0,0.0,8880.882534435852,-69.33936644245723,-10215.858468030088,11015.090360038017,0.0,-3185.690780865656,0.0,0.0,0.0,0.0,-4880.882534435853,-30.031672442457243,-2918.485372294053,5431.587439233012,0.0,-0.0,0.0,0.0,0.0,0.0,-4000.0,-39.307694,-1392.2797452330126
t59,6532.7254991017,0.0,-2895.8437335655512,0.0,0.0,0.0,0.0,6634.622449032137,-43.52129775802146,-10227.982916810264,15355.191579479897,0.0,-6497.372320405344,0.0,0.0,0.0,0.0,-5900.0,-36.30221915,-2921.5170399245526,2136.141998192812,0.0,-0.0,0.0,0.0,0.0,0.0,-734.6224490321366,-7.219078608021456,-1394.3004705526541
t60,7618.904006049117,0.0,-2895.8437335655512,0.0,0.0,0.0,0.0,5496.305392728654,-33.8183191325699,-10185.54734607965,14936.886401669124,0.0,-6497.372320405344,0.0,0.0,0.0,0.0,-5496.305392728654,-33.8183191325699,-2909.390369402555,1388.2382945937295,0.0,-0.0,0.0,0.0,0.0,0.0,-0.0,-0.0,-1388.2382945937295
t61,7903.092617622941,0.0,-2895.8437335655512,0.0,0.0,0.0,0.0,5092.4287562514955,-31.333299104271816,-10068.344341204613,14497.176401228175,0.0,-6497.372320405344,0.0,0.0,0.0,0.0,-5092.4287562514955,-31.333299104271816,-2876.042025467062,6971.397783911226,0.0,-5599.325291874628,0.0,0.0,0.0,0.0,-0.0,-0.0,-1372.0724920365972
t62,7781.469525381601,0.0,-2895.8437335655512,0.0,0.0,0.0,0.0,5138.947517723292,-33.01714394251273,-9991.55616559683,14140.011699555733,0.0,-6497.372320405344,0.0,0.0,0.0,0.0,-4758.540117574406,-29.278909522415745,-2854.8203520535662,1746.114500007372,0.0,-0.0,0.0,0.0,0.0,0.0,-380.4074001488856,-3.7382344200969873,-1361.9688654383897
t63,6794.034519065769,0.0,-2895.8437335655512,0.0,0.0,0.0,0.0,6023.784724708571,-37.51864217017969,-9884.456868038607,15257.167659427087,0.0,-6497.372320405344,0.0,0.0,0.0,0.0,-5900.0,-36.30221915,-2823.4931198717395,1471.8145732698285,0.0,-0.0,0.0,0.0,0.0,0.0,-123.78472470857064,-1.2164230201796833,-1346.8134255410782
t64,4761.363432893662,0.0,-2895.8437335655512,0.0,0.0,0.0,0.0,8091.502510050836,-64.48237548688822,-9892.539833892059,8582.830966238898,0.0,-1640.6395430757684,0.0,0.0,0.0,0.0,-4091.5025100508356,-25.174681486888222,-2825.514231625406,5388.141844860719,0.0,-0.0,0.0,0.0,0.0,0.0,-4000.0,-39.307694,-1348.8341508607195
t65,1867.6971887754353,0.0,-1304.465783209519,0.0,0.0,0.0,0.0,9900.0,-75.60991315,-10387.621492415918,12715.43251744204,0.0,-3812.1382439099953,0.0,0.0,0.0,0.0,-5900.0,-36.30221915,-2966.992054382043,5455.83614306871,0.0,-0.0,0.0,0.0,0.0,0.0,-4000.0,-39.307694,-1416.5284490687109
t66,0.0,2895.8437335655512,-0.0,0.0,0.0,0.0,0.0,8468.926422153265,-66.80463405800563,-11297.96552166081,7127.764583511538,596.3742493047324,-0.0,0.0,0.0,0.0,0.0,-4468.926422153265,-27.49694005800563,-3227.7154706049882,5580.110750226664,0.0,-0.0,0.0,0.0,0.0,0.0,-4000.0,-39.307694,-1540.8030562266647
t67,0.0,1483.679142127624,-0.0,0.0,0.0,0.0,0.0,9900.0,-75.60991315,-11308.069228977623,7444.510871128134,1721.5279303805212,-0.0,0.0,0.0,0.0,0.0,-5900.0,-36.30221915,-3229.7365823586542,11180.446404761113,0.0,-5599.325291874628,0.0,0.0,0.0,0.0,-4000.0,-39.307694,-1541.8134188864856
t68,0.0,2895.8437335655512,-0.0,0.0,0.0,0.0,0.0,8208.670179392015,-65.20329860717943,-11039.310614350386,5771.348839628606,1616.1512800899186,-0.0,0.0,0.0,0.0,0.0,-4208.670179392015,-25.895604607179443,-3152.934335719337,5543.737694473118,0.0,-0.0,0.0,0.0,0.0,0.0,-4000.0,-39.307694,-1504.4300004731174
t69,0.0,2895.8437335655512,-0.0,0.0,0.0,0.0,0.0,7768.471143784118,-62.49478981730545,-10601.820087532364,4916.676995315791,1903.617207154489,-0.0,0.0,0.0,0.0,0.0,-3768.471143784118,-23.18709581730546,-3028.6359628688633,5484.126297543692,0.0,-0.0,0.0,0.0,0.0,0.0,-4000.0,-39.307694,-1444.8186035436922
t70,0.0,400.11792140837633,-0.0,0.0,0.0,0.0,0.0,9550.727217694664,-73.46086618620703,-9877.384272916837,8406.352397998944,0.0,-0.0,0.0,0.0,0.0,0.0,-5550.7272176946635,-34.15317218620702,-2821.4720081180735,5385.110756881258,0.0,-0.0,0.0,0.0,0.0,0.0,-4000.0,-39.307694,-1345.8030628812573
t71,0.0,0.0,-852.2979895196468,0.0,0.0,0.0,0.0,9900.0,-75.60991315,-8972.092097330353,9117.490011566417,0.0,-618.4180887676227,0.0,0.0,0.0,0.0,-5900.0,-36.30221915,-2562.7697036487943,5262.856875042944,0.0,-0.0,0.0,0.0,0.0,0.0,-4000.0,-39.307694,-1223.5491810429448
t72,0.0,0.0,-1698.9886626686168,0.0,0.0,0.0,0.0,9900.0,-75.60991315,-8125.401424181384,9772.228890878712,0.0,-1514.679822643032,0.0,0.0,0.0,0.0,-5900.0,-36.30221915,-2321.2468490856786,5146.665169163556,0.0,-0.0,0.0,0.0,0.0,0.0,-4000.0,-39.307694,-1107.3574751635572
t73,0.0,0.0,-2243.5784870448615,0.0,0.0,0.0,0.0,9900.0,-75.60991315,-7580.811599805139,9944.636963930352,0.0,-1842.7135007269726,0.0,0.0,0.0,0.0,-5900.0,-36.30221915,-2165.621244053378,10672.23398687127,0.0,-5599.325291874628,0.0,0.0,0.0,0.0,-4000.0,-39.307694,-1033.6010009966415
t74,0.0,0.0,-2517.3889553305057,0.0,0.0,0.0,0.0,9900.0,-75.60991315,-7307.001131519494,8193.430080261154,0.0,-170.32997545075813,0.0,0.0,0.0,0.0,-5900.0,-36.30221915,-2086.7978856603945,5035.525276583273,0.0,-0.0,0.0,0.0,0.0,0.0,-4000.0,-39.307694,-996.217582583273
t75,0.0,0.0,-2639.643813863949,0.0,0.0,0.0,0.0,9900.0,-75.60991315,-7184.746272986051,8709.940137369802,0.0,-721.1989323717329,0.0,0.0,0.0,0.0,-5900.0,-36.30221915,-2052.4389858480686,5018.349111366319,0.0,-0.0,0.0,0.0,0.0,0.0,-4000.0,-39.307694,-979.0414173663202
t76,0.0,0.0,-2633.581589473861,0.0,0.0,0.0,0.0,9900.0,-75.60991315,-7190.808497376139,10571.036306667738,0.0,-2580.2739899160015,0.0,0.0,0.0,0.0,-5900.0,-36.30221915,-2054.4600976017346,5019.359474026141,0.0,-0.0,0.0,0.0,0.0,0.0,-4000.0,-39.307694,-980.0517800261408
t77,0.0,0.0,-2402.206691918833,0.0,0.0,0.0,0.0,9900.0,-75.60991315,-7422.183394931168,10609.955954515977,0.0,-2553.5075057700888,0.0,0.0,0.0,0.0,-5900.0,-36.30221915,-2120.1462295958877,5050.680716480584,0.0,-0.0,0.0,0.0,0.0,0.0,-4000.0,-39.307694,-1011.3730224805846
t78,0.0,0.0,-1653.5219797429547,0.0,0.0,0.0,0.0,9900.0,-75.60991315,-8170.868107107045,8367.441428853404,0.0,-97.76569009572711,0.0,0.0,0.0,0.0,-5900.0,-36.30221915,-2333.373519607676,5152.727345122481,0.0,-0.0,0.0,0.0,0.0,0.0,-4000.0,-39.307694,-1113.4196511224816
t79,0.0,0.0,-235.97184319402766,0.0,0.0,0.0,0.0,9900.0,-75.60991315,-9588.418243655973,10449.91879544651,0.0,-1775.010150078753,0.0,0.0,0.0,0.0,-5900.0,-36.30221915,-2738.6064262177574,5346.716975808068,0.0,-0.0,0.0,0.0,0.0,0.0,-4000.0,-39.307694,-1307.4092818080683
t80,0.0,963.6753229199348,-0.0,0.0,0.0,0.0,0.0,9488.9439222472,-73.08071860465733,-10379.538526562466,8487.68788948023,0.0,-0.0,0.0,0.0,0.0,0.0,-5488.943922247197,-33.773024604657344,-2964.9709426283766,11054.151072283517,0.0,-5599.325291874628,0.0,0.0,0.0,0.0,-4000.0,-39.307694,-1415.51808640889
t81,2635.9697912504375,0.0,-2015.1472539786841,0.0,0.0,0.0,0.0,9900.0,-75.60991315,-10445.212624121754,11108.107782019611,0.0,-2188.6446144582374,0.0,0.0,0.0,0.0,-5900.0,-36.30221915,-2983.160948411373,5462.908681687455,0.0,-0.0,0.0,0.0,0.0,0.0,-4000.0,-39.307694,-1423.6009876874562
t82,4926.337330290333,0.0,-2895.8437335655512,0.0,0.0,0.0,0.0,8540.565956106288,-67.24542627179657,-10503.814126559273,11906.958980445217,0.0,-4338.114893749598,0.0,0.0,0.0,0.0,-4540.5659561062885,-27.937732271796566,-3000.340398317536,5472.001945625843,0.0,-0.0,0.0,0.0,0.0,0.0,-4000.0,-39.307694,-1432.694251625843
t83,6134.13892947909,0.0,-2895.8437335655512,0.0,0.0,0.0,0.0,7363.6921651189305,-50.6858100841731,-10551.301550948296,15447.15216427171,0.0,-6497.372320405344,0.0,0.0,0.0,0.0,-5900.0,-36.30221915,-3013.4776247163663,2916.8321836378705,0.0,-0.0,0.0,0.0,0.0,0.0,-1463.69216511893,-14.38359093417309,-1438.7564275847676
t84,6606.1810300593415,0.0,-2895.8437335655512,0.0,0.0,0.0,0.0,6862.457303307752,-48.773058608643396,-10524.0215411929,14614.988770591663,0.0,-6497.372320405344,0.0,0.0,0.0,0.0,-5079.956160369457,-31.256556238326205,-3006.4037335785347,3234.732622254097,0.0,-0.0,0.0,0.0,0.0,0.0,-1782.501142938295,-17.51650237031719,-1434.7149769454845
t85,6468.903480400799,0.0,-2895.8437335655512,0.0,0.0,0.0,0.0,6893.473743443768,-47.59050518097621,-10418.94298509804,14991.993573999014,0.0,-6497.372320405344,0.0,0.0,0.0,0.0,-5484.786750454701,-33.747445865427615,-2976.087057273541,2843.0999520126097,0.0,-0.0,0.0,0.0,0.0,0.0,-1408.6869929890672,-13.8430593155486,-1420.569899707994
t86,4838.431530947581,0.0,-2895.8437335655512,0.0,0.0,0.0,0.0,8481.444301562824,-61.66987482096879,-10362.362224123885,15393.592702799555,0.0,-6497.372320405344,0.0,0.0,0.0,0.0,-5900.0,-36.30221915,-2959.918163244211,9618.624247537848,0.0,-5599.325291874628,0.0,0.0,0.0,0.0,-2581.4443015628235,-25.367655670968794,-1412.4869984294278
t87,5184.033783158124,0.0,-2895.8437335655512,0.0,0.0,0.0,0.0,8012.005160486621,-57.05673229370725,-10243.138477785486,15359.23380298723,0.0,-6497.372320405344,0.0,0.0,0.0,0.0,-5900.0,-36.30221915,-2925.559263431885,3530.091232162445,0.0,-0.0,0.0,0.0,0.0,0.0,-2112.005160486621,-20.75451314370725,-1397.3315585321163
t88,4184.556886521365,0.0,-2895.8437335655512,0.0,0.0,0.0,0.0,9008.38326114536,-70.12386802259161,-10226.972546078583,11288.304694319382,0.0,-3327.5882192268787,0.0,0.0,0.0,0.0,-5008.38326114536,-30.816174022591614,-2921.5170399245526,5433.608164552654,0.0,-0.0,0.0,0.0,0.0,0.0,-4000.0,-39.307694,-1394.3004705526541
t89,2237.3832216278265,0.0,-0.0,0.0,0.0,0.0,0.0,8517.421397788195,-67.10301969074685,-10687.701599725277,7214.070275022232,384.03575236956726,-0.0,0.0,0.0,0.0,0.0,-4517.4213977881955,-27.79532569074685,-3052.889303912858,5496.250649461541,0.0,-0.0,0.0,0.0,0.0,0.0,-4000.0,-39.307694,-1456.9429554615415
t90,0.0,2895.8437335655512,-0.0,0.0,0.0,0.0,0.0,8866.427167933145,-69.25042375047845,-11693.020477748216,4152.816755584455,4084.450870909474,-0.0,0.0,0.0,0.0,0.0,-4866.427167933144,-29.942729750478453,-3340.8977288102974,5633.659971197165,0.0,-0.0,0.0,0.0,0.0,0.0,-4000.0,-39.307694,-1594.3522771971652
t91,0.0,2895.8437335655512,-0.0,0.0,0.0,0.0,0.0,8934.541106468316,-69.66952326299935,-11760.715316770868,3874.033621993846,4450.967604207607,-0.0,0.0,0.0,0.0,0.0,-4934.541106468316,-30.361829262999365,-3360.098290470127,5642.753235135552,0.0,-0.0,0.0,0.0,0.0,0.0,-4000.0,-39.307694,-1603.445541135552
t92,0.0,2895.8437335655512,-0.0,0.0,0.0,0.0,0.0,8665.13523017249,-68.01189086273006,-11492.96707287531,5861.268699109124,2115.866771756914,-0.0,0.0,0.0,0.0,0.0,-4665.135230172488,-28.70419686273006,-3283.2960438308096,11205.705471256631,0.0,-5599.325291874628,0.0,0.0,0.0,0.0,-4000.0,-39.307694,-1567.0724853820047
t93,0.0,2895.8437335655512,-0.0,0.0,0.0,0.0,0.0,8241.202209737172,-65.40346553853271,-11071.64247776419,2639.656328469147,4790.681547294216,-0.0,0.0,0.0,0.0,0.0,-4241.202209737171,-26.095771538532723,-3163.0398944876683,5548.7895077722205,0.0,-0.0,0.0,0.0,0.0,0.0,-4000.0,-39.307694,-1509.4818137722211
t94,0.0,492.5054543482239,-0.0,0.0,0.0,0.0,0.0,9900.0,-75.60991315,-10316.895541198224,3954.5080741842335,4928.575081811147,-0.0,0.0,0.0,0.0,0.0,-5900.0,-36.30221915,-2946.7809368453804,5445.7325164705035,0.0,-0.0,0.0,0.0,0.0,0.0,-4000.0,-39.307694,-1406.4248224705032
t95,0.0,2895.8437335655512,-0.0,0.0,0.0,0.0,0.0,6497.688708426446,-54.675769061318185,-9338.85667293068,1381.9878493364865,3797.925893113898,-0.0,0.0,0.0,0.0,0.0,-2497.688708426447,-15.368075061318192,-2666.856958962606,5086.753262557436,225.6113828167261,-0.0,0.0,0.0,0.0,0.0,-4000.0,-39.307694,-1273.0569513741623
t96,0.0,2895.8437335655512,-0.0,0.0,0.0,0.0,0.0,5625.423644796942,-49.30879321440854,-8471.958585148086,1788.1349540206318,2266.5605591292287,-0.0,0.0,0.0,0.0,0.0,-1625.423644796943,-10.001099214408539,-2419.2707691384912,5194.152214175133,0.0,-0.0,0.0,0.0,0.0,0.0,-4000.0,-39.307694,-1154.844520175133
t97,0.0,2895.8437335655512,-0.0,0.0,0.0,0.0,0.0,5056.113113756706,-45.805871915726236,-7906.150975406532,1958.3770916386825,1362.826584755794,-0.0,0.0,0.0,0.0,0.0,-1056.113113756706,-6.498177915726242,-2258.592384722025,5117.364652028755,0.0,-0.0,0.0,0.0,0.0,0.0,-4000.0,-39.307694,-1078.056958028755
t98,0.0,2269.8069185987183,-0.0,0.0,0.0,0.0,0.0,5395.2707085017955,-47.89268095484881,-7617.184946145667,3001.811917853378,577.7705804249696,-0.0,0.0,0.0,0.0,0.0,-1395.270708501796,-8.584986954848807,-2175.726802821709,9204.354438050725,0.0,-4126.3939297549805,0.0,0.0,0.0,0.0,-4000.0,-39.307694,-1038.6528142957452
t99,0.0,2895.8437335655512,-0.0,0.0,0.0,0.0,0.0,4628.113589528243,-43.17242572510973,-7480.784897368685,824.8150577381067,1943.478387140475,-0.0,0.0,0.0,0.0,0.0,-628.1135895282428,-3.8647317251097317,-2136.3151236252174,5059.7739804189705,0.0,-0.0,0.0,0.0,0.0,0.0,-4000.0,-39.307694,-1020.4662864189715
t100,0.0,0.0,-0.0,0.0,0.0,0.0,0.0,7535.785768646539,-61.06309566794201,-7474.722672978597,1033.0749188250445,4659.7708192378195,-0.0,0.0,0.0,0.0,0.0,-3535.785768646539,-21.755401667942007,-2135.304567748384,5058.76361775915,0.0,-0.0,0.0,0.0,0.0,0.0,-4000.0,-39.307694,-1019.4559237591508
t101,0.0,2895.8437335655512,-0.0,0.0,0.0,0.0,0.0,4859.904305737483,-44.598615111001806,-7711.149424192033,1981.1932890484024,1087.0137492962715,-0.0,0.0,0.0,0.0,0.0,-859.9043057374823,-5.290921111001811,-2203.0118114962033,7879.11918640226,0.0,-2789.0343261886665,0.0,0.0,0.0,0.0,-4000.0,-39.307694,-1050.7771662135942
t102,0.0,2895.8437335655512,-0.0,0.0,0.0,0.0,0.0,5582.725354968926,-49.04607411700737,-8429.52301441747,528.1213102457608,3472.497079333497,-0.0,0.0,0.0,0.0,0.0,-1582.725354968926,-9.73838011700737,-2408.154654493327,5188.090038216208,0.0,-0.0,0.0,0.0,0.0,0.0,-4000.0,-39.307694,-1148.7823442162085
t103,0.0,2024.4368932453099,-0.0,0.0,0.0,0.0,0.0,7876.703656784805,-63.16073564884887,-9837.979814381266,212.52971562438606,6497.372320405344,-0.0,0.0,0.0,0.0,0.0,-3876.7036567848054,-23.85304164884888,-2809.345337596076,5381.069306241974,0.0,-0.0,0.0,0.0,0.0,0.0,-4000.0,-39.307694,-1341.7616122419743
t104,0.0,2895.8437335655512,-0.0,0.0,0.0,285.94906225606445,0.0,7469.568882224718,-60.65566856246479,-10590.706009483869,86.20525154419785,6497.372320405344,-0.0,0.0,0.0,-67.05641992399498,0.0,-3469.5688822247184,-21.347974562464792,-3025.604295238364,5483.115934883871,0.0,-0.0,0.0,0.0,0.0,0.0,-4000.0,-39.307694,-1443.8082408838713
t105,1496.8069668909516,2895.8437335655512,-0.0,0.0,0.0,0.0,0.0,6302.045840048516,-53.47199443708255,-10641.224546067935,1907.2469808625078,3448.7152371371217,-0.0,0.0,0.0,0.0,0.0,-2302.045840048516,-14.164300437082556,-3039.7520775140274,8531.01747543677,0.0,-3040.829001934155,0.0,0.0,0.0,0.0,-4000.0,-39.307694,-1450.8807795026169
t106,4056.912849119563,627.8423180223007,-0.0,0.0,0.0,0.0,0.0,5975.600920967507,-51.46340545523801,-10608.892682654132,5018.413707045273,0.0,-0.0,0.0,0.0,0.0,0.0,-1975.600920967507,-12.155711455238011,-3030.6570746225293,5486.147022863333,0.0,-0.0,0.0,0.0,0.0,0.0,-4000.0,-39.307694,-1446.8393288633338
t107,6535.133877165885,0.0,-2463.5656117792446,0.0,0.0,0.0,0.0,6566.151795097642,-55.09701685386449,-10582.623043630418,5604.513745559371,0.0,-0.0,0.0,0.0,0.0,0.0,-2566.1517950976427,-15.789322853864494,-3022.5726276078644,5364.666284128154,117.4392880958961,-0.0,0.0,0.0,0.0,0.0,-4000.0,-39.307694,-1442.7978782240507
t108,6219.636350757655,0.0,-1906.282721876363,0.0,0.0,0.0,0.0,6252.722345256603,-53.16851099349273,-10512.907463144404,5269.955228198131,0.0,-0.0,0.0,0.0,0.0,0.0,-2252.722345256603,-13.86081699349274,-3003.372065948035,2279.6292947473717,3192.372650878471,-0.0,0.0,0.0,0.0,0.0,-4000.0,-39.307694,-1432.694251625843
t109,5781.3115430759935,0.0,-1151.6331299469737,0.0,0.0,0.0,0.0,5850.059236991213,-50.69095770537912,-10429.046692414853,4840.5612256006325,0.0,-0.0,0.0,0.0,0.0,0.0,-1850.059236991213,-11.38326370537912,-2979.1187249040404,1289.3456298722192,4171.542326495595,-0.0,0.0,0.0,0.0,0.0,-4000.0,-39.307694,-1421.5802623678146
t110,5210.525941864158,0.0,-0.0,0.0,0.0,0.0,0.0,5257.482667062844,-47.04488236560031,-10420.963726561402,4019.970846403574,221.33606629840187,-0.0,0.0,0.0,0.0,0.0,-1257.4826670628438,-7.737188365600312,-2976.087057273541,1132.3936369896196,4327.4839567183735,-0.0,0.0,0.0,0.0,0.0,-4000.0,-39.307694,-1420.569899707994
t111,3831.729500118269,0.0,-0.0,0.0,0.0,0.0,0.0,6615.333100642982,-55.39962541860856,-10391.662975342642,3749.302252812539,1850.125389507923,-0.0,0.0,0.0,0.0,0.0,-2615.333100642982,-16.091931418608564,-2968.002610258876,1102.8051810139623,4353.030962054749,-0.0,0.0,0.0,0.0,0.0,-4000.0,-39.307694,-1416.5284490687109
t112,2402.357119024496,2895.8437335655512,-0.0,0.0,0.0,0.0,0.0,5220.096257389295,-46.81484683387136,-10471.48226314547,3769.6454740073927,449.2033316418133,-0.0,0.0,0.0,0.0,0.0,-1220.0962573892946,-7.507152833871354,-2991.2453954260377,377.98062169968193,5088.969510627057,-0.0,0.0,0.0,0.0,0.0,-4000.0,-39.307694,-1427.6424383267392
t113,822.4611089191634,333.85791614370277,-0.0,0.0,0.0,0.0,0.0,9900.0,-75.60991315,-10980.709111912867,3204.5353836729964,5868.532277167012,-0.0,0.0,0.0,0.0,0.0,-5900.0,-36.30221915,-3136.7654416900073,457.8465937643785,5078.818562089993,-0.0,0.0,0.0,0.0,0.0,-4000.0,-39.307694,-1497.3574618543719
t114,0.0,2895.8437335655512,-0.0,0.0,0.0,0.0,0.0,8954.873625434037,-69.79462759509515,-11780.922731404493,3708.564580488139,4641.94704839529,-0.0,0.0,0.0,0.0,0.0,-4954.873625434037,-30.48693359509516,-3365.1510698542925,1687.8082413181226,3957.976081796892,-0.0,0.0,0.0,0.0,0.0,-4000.0,-39.307694,-1606.4766291150145
t115,0.0,1926.2215226040541,-0.0,0.0,0.0,0.0,0.0,9900.0,-75.60991315,-11750.611609454054,6454.937876787578,2837.420409325217,-0.0,0.0,0.0,0.0,0.0,-5900.0,-36.30221915,-3356.0560669627944,2711.3837188101616,2929.348791005749,-0.0,0.0,0.0,0.0,0.0,-4000.0,-39.307694,-1601.4248158159105
t116,0.0,2895.8437335655512,-0.0,0.0,0.0,0.0,0.0,8650.902466896485,-67.924317830263,-11478.821882631772,2797.320618237726,5161.452292812497,-0.0,0.0,0.0,0.0,0.0,-4650.902466896485,-28.616623830263016,-3279.253820323477,4997.933788315262,606.4256657471017,-0.0,0.0,0.0,0.0,0.0,-4000.0,-39.307694,-1565.0517600623632
t117,0.0,1199.7649665251654,-0.0,0.0,0.0,0.0,0.0,9900.0,-75.60991315,-11024.155053375165,3515.0256580990967,5570.16867326291,-0.0,0.0,0.0,0.0,0.0,-5900.0,-36.30221915,-3148.8921122120046,5595.544651950847,0.0,-52.81732013755036,0.0,0.0,0.0,0.0,-4000.0,-39.307694,-1503.4196378132965
t118,0.0,2895.8437335655512,-0.0,0.0,0.0,0.0,0.0,7461.450107401704,-60.60571440265893,-10296.688126564597,2954.082322925716,3469.383406463021,-0.0,0.0,0.0,0.0,0.0,-3461.4501074017044,-21.298020402658935,-2940.7176015843816,5874.85730953223,0.0,-432.15588104118916,0.0,0.0,0.0,0.0,-4000.0,-39.307694,-1403.393734491041
t119,0.0,2895.8437335655512,-0.0,0.0,0.0,0.0,0.0,6498.705334374733,-54.68202427792297,-9339.867043662362,3611.080251752804,1570.8669277392835,-0.0,0.0,0.0,0.0,0.0,-2498.7053343747325,-15.374330277922978,-2667.867514839439,5312.364645374162,0.0,-0.0,0.0,0.0,0.0,0.0,-4000.0,-39.307694,-1273.0569513741623
t120,0.0,2895.8437335655512,-0.0,0.0,0.0,0.0,0.0,5636.60653022809,-49.377600597061225,-8483.07266319658,3690.7200367101673,379.2693927608196,-0.0,0.0,0.0,0.0,0.0,-1636.6065302280906,-10.069906597061227,-2423.3129926458237,5196.172939494774,0.0,-0.0,0.0,0.0,0.0,0.0,-4000.0,-39.307694,-1156.8652454947746
t121,0.0,0.0,-1636.3643977748811,0.0,0.0,0.0,0.0,9613.330318952463,-73.8460579660935,-7903.119863211488,7905.450511763749,0.0,-0.0,0.0,0.0,0.0,0.0,-5613.330318952463,-34.538363966093506,-2257.581828845192,5116.354289368934,0.0,-0.0,0.0,0.0,0.0,0.0,-4000.0,-39.307694,-1077.0465953689343
t122,0.0,0.0,-2252.671823629994,0.0,0.0,0.0,0.0,9900.0,-75.60991315,-7571.7182632200065,9349.757672740998,0.0,-1250.8658771681187,0.0,0.0,0.0,0.0,-5900.0,-36.30221915,-2162.5895764228785,5070.887969676999,0.0,-0.0,0.0,0.0,0.0,0.0,-4000.0,-39.307694,-1031.580275677
t123,0.0,0.0,-2405.2378041138772,0.0,0.0,0.0,0.0,9900.0,-75.60991315,-7419.152282736123,9324.881644037123,0.0,-1269.443751168069,0.0,0.0,0.0,0.0,-5900.0,-36.30221915,-2119.1356737190545,5050.680716480584,0.0,-0.0,0.0,0.0,0.0,0.0,-4000.0,-39.307694,-1011.3730224805846
t124,0.0,0.0,-2459.79782362467,0.0,0.0,0.0,0.0,9900.0,-75.60991315,-7364.5922632253305,8147.754952629462,0.0,-107.4753979129035,0.0,0.0,0.0,0.0,-5900.0,-36.30221915,-2103.9773355665575,5043.608177861839,0.0,-0.0,0.0,0.0,0.0,0.0,-4000.0,-39.307694,-1004.3004838618392
t125,0.0,0.0,-1193.586683176063,0.0,0.0,0.0,0.0,8822.158540107253,-68.9780424913589,-7559.593814439831,7011.386797390989,0.0,-0.0,0.0,0.0,0.0,0.0,-4822.1585401072525,-29.670348491358904,-2159.5579087923793,10298.728320899494,0.0,-5228.850713882314,0.0,0.0,0.0,0.0,-4000.0,-39.307694,-1030.569913017179
t126,0.0,0.0,-1392.1783761858446,0.0,0.0,0.0,0.0,9692.952842398989,-74.33596886362432,-8226.438497349518,8077.523530899617,0.0,-0.0,0.0,0.0,0.0,0.0,-5692.952842398987,-35.02827486362431,-2349.542413637006,5160.810246401048,0.0,-0.0,0.0,0.0,0.0,0.0,-4000.0,-39.307694,-1121.5025524010478
t127,0.0,0.0,-339.0296578255238,0.0,0.0,0.0,0.0,9900.0,-75.60991315,-9485.360429024477,8792.465070252081,0.0,-146.86254531248366,0.0,0.0,0.0,0.0,-5900.0,-36.30221915,-2709.300305789597,5332.571898570578,0.0,-0.0,0.0,0.0,0.0,0.0,-4000.0,-39.307694,-1293.2642045705777
t128,0.0,2678.28014132934,-0.0,0.0,0.0,0.0,0.0,7723.058928121301,-62.215372155427715,-10339.123697295214,6698.810878383108,0.0,-0.0,0.0,0.0,0.0,0.0,-3723.0589281213,-22.90767815542772,-2952.8442721063793,5448.763604449965,0.0,-0.0,0.0,0.0,0.0,0.0,-4000.0,-39.307694,-1409.4559104499656
t129,0.0,2895.8437335655512,-0.0,0.0,0.0,0.0,0.0,7769.487769732404,-62.50104503391024,-10602.830458264045,6350.698740168353,470.61834346681627,-0.0,0.0,0.0,0.0,0.0,-3769.4877697324036,-23.193351033910247,-3028.6359628688633,5485.136660203512,0.0,-0.0,0.0,0.0,0.0,0.0,-4000.0,-39.307694,-1445.828966203513
t130,36.12567096277438,2895.8437335655512,-0.0,0.0,0.0,0.0,0.0,7906.981481489847,-63.347032636616284,-10775.603853381555,3740.4535373796903,3268.720483580453,-0.0,0.0,0.0,0.0,0.0,-3906.9814814898477,-24.039338636616293,-3078.1532008336862,5508.37500137939,0.0,-0.0,0.0,0.0,0.0,0.0,-4000.0,-39.307694,-1469.0673073793905
t131,1025.9690553427922,2895.8437335655512,-0.0,0.0,0.0,0.0,0.0,7027.921949596797,-57.938250980230194,-10891.796487524909,5901.783258191385,256.2707931548232,-0.0,0.0,0.0,0.0,0.0,-3027.9219495967964,-18.630556980230196,-3111.501544769179,5523.530441276702,0.0,-0.0,0.0,0.0,0.0,0.0,-4000.0,-39.307694,-1484.222747276702
t132,1594.3462784904425,2895.8437335655512,-0.0,0.0,0.0,0.0,0.0,6493.641056731448,-54.65086419032248,-10929.18020459712,4530.517522074262,1100.0738083850263,-0.0,0.0,0.0,0.0,0.0,-2493.6410567314488,-15.343170190322482,-3121.6071035375103,5528.582254575806,0.0,-0.0,0.0,0.0,0.0,0.0,-4000.0,-39.307694,-1489.2745605758057
t133,1253.5607824082708,2895.8437335655512,-0.0,0.0,0.0,0.0,0.0,6761.306039493439,-56.29778501456091,-10854.4127704527,4151.239444525935,1727.4421161060793,-0.0,0.0,0.0,0.0,0.0,-2761.306039493439,-16.99009101456091,-3100.385430124015,11117.803919852227,0.0,-5599.325291874628,0.0,0.0,0.0,0.0,-4000.0,-39.307694,-1479.1709339775982
t134,1536.5452049500034,2895.8437335655512,-0.0,0.0,0.0,0.0,0.0,6389.139825644845,-54.00787663229694,-10767.520887528104,4253.7754883989155,1226.1966089582427,-0.0,0.0,0.0,0.0,0.0,-2389.1398256448456,-14.700182632296945,-3076.13208908002,5507.3646387195695,0.0,-0.0,0.0,0.0,0.0,0.0,-4000.0,-39.307694,-1468.0569447195699
t135,1334.241447558467,2895.8437335655512,-0.0,0.0,0.0,0.0,0.0,6449.35178917363,-54.378355936614525,-10625.058614361034,3144.7931795603486,2354.3285696797507,-0.0,0.0,0.0,0.0,0.0,-2449.3517891736306,-15.070661936614531,-3034.6992981298617,5488.167748182975,0.0,-0.0,0.0,0.0,0.0,0.0,-4000.0,-39.307694,-1448.8600541829753
t136,993.4559514762955,2895.8437335655512,-0.0,0.0,0.0,0.0,0.0,6743.44904659106,-56.18791239257749,-10576.560819240329,1529.9850514654452,4251.906285249229,-0.0,0.0,0.0,0.0,0.0,-2743.44904659106,-16.880218392577497,-3021.562071731031,5481.09520956423,0.0,-0.0,0.0,0.0,0.0,0.0,-4000.0,-39.307694,-1441.78751556423
t137,51.78012837997661,2895.8437335655512,-0.0,0.0,0.0,0.0,0.0,8016.275098789265,-64.01950735642978,-10899.87945337836,994.4630681669432,6160.046500501591,-0.0,0.0,0.0,0.0,0.0,-4016.275098789264,-24.711813356429786,-3113.5226565228454,5525.551166596343,0.0,-0.0,0.0,0.0,0.0,0.0,-4000.0,-39.307694,-1486.2434725963435
t138,0.0,2648.572413760807,-0.0,0.0,0.0,0.0,0.0,8790.925669766693,-68.78586918563236,-11370.712214341867,8068.330433093985,0.0,-0.0,0.0,0.0,0.0,0.0,-4790.925669766692,-29.478175185632374,-3247.9265881416504,9802.057547183293,0.0,-4211.843170358421,0.0,0.0,0.0,0.0,-4000.0,-39.307694,-1550.9066828248724
t139,0.0,1378.600586032764,-0.0,0.0,0.0,0.0,0.0,9900.0,-75.60991315,-11202.990672882765,9343.830510739694,0.0,-207.0978296591983,0.0,0.0,0.0,0.0,-5900.0,-36.30221915,-3200.430461930494,5566.976035648994,0.0,-0.0,0.0,0.0,0.0,0.0,-4000.0,-39.307694,-1527.6683416489948
t140,0.0,1001.732303115622,-0.0,0.0,0.0,0.0,0.0,9900.0,-75.60991315,-10826.122389965622,10645.669051283,0.0,-1617.065849023648,0.0,0.0,0.0,0.0,-5900.0,-36.30221915,-3092.30098310935,5515.447539998135,0.0,-0.0,0.0,0.0,0.0,0.0,-4000.0,-39.307694,-1476.1398459981358
t141,0.0,594.5528982480397,-0.0,0.0,0.0,0.0,0.0,9900.0,-75.60991315,-10418.94298509804,11195.885778681504,0.0,-2283.496502257961,0.0,0.0,0.0,0.0,-5900.0,-36.30221915,-2976.087057273541,6811.369059315995,0.0,-1351.491465608002,0.0,0.0,0.0,0.0,-4000.0,-39.307694,-1420.569899707994
t142,0.0,43.90084948170703,-0.0,0.0,0.0,0.0,0.0,9900.0,-75.60991315,-9868.290936331707,11198.326061905283,0.0,-2442.572946390877,0.0,0.0,0.0,0.0,-5900.0,-36.30221915,-2819.450896364407,5385.110756881258,0.0,-0.0,0.0,0.0,0.0,0.0,-4000.0,-39.307694,-1345.8030628812573
t143,0.0,0.0,-689.6283017189528,0.0,0.0,0.0,0.0,9900.0,-75.60991315,-9134.761785131048,11198.326061905283,0.0,-2652.7685687721655,0.0,0.0,0.0,0.0,-5900.0,-36.30221915,-2609.255273983118,5284.07449089918,0.0,-0.0,0.0,0.0,0.0,0.0,-4000.0,-39.307694,-1244.766796899181
t144,0.0,0.0,-1433.2611602364232,0.0,0.0,0.0,0.0,9900.0,-75.60991315,-8391.128926613577,11198.326061905283,0.0,-2864.9853029071205,0.0,0.0,0.0,0.0,-5900.0,-36.30221915,-2397.0385398481626,5183.038224917104,0.0,-0.0,0.0,0.0,0.0,0.0,-4000.0,-39.307694,-1143.7305309171047
t145,0.0,0.0,-2031.4006333917796,0.0,0.0,0.0,0.0,9900.0,-75.60991315,-7792.989453458221,11198.326061905283,0.0,-3035.7692460919184,0.0,0.0,0.0,0.0,-5900.0,-36.30221915,-2226.254596663365,5101.198849471622,0.0,-0.0,0.0,0.0,0.0,0.0,-4000.0,-39.307694,-1061.8911554716228
t146,0.0,0.0,-2392.1029846020197,0.0,0.0,0.0,0.0,9900.0,-75.60991315,-7432.28710224798,11198.326061905283,0.0,-3138.8459455288958,0.0,0.0,0.0,0.0,-5900.0,-36.30221915,-2123.177897226387,5052.701441800225,0.0,-0.0,0.0,0.0,0.0,0.0,-4000.0,-39.307694,-1013.3937478002259
t147,0.0,0.0,-2575.9904577680245,0.0,0.0,0.0,0.0,9900.0,-75.60991315,-7248.399629081976,11198.326061905283,0.0,-3192.4054070010525,0.0,0.0,0.0,0.0,-5900.0,-36.30221915,-2069.6184357542315,5027.442375304707,0.0,-0.0,0.0,0.0,0.0,0.0,-4000.0,-39.307694,-988.134681304707
t148,0.0,0.0,-2644.695667522356,0.0,0.0,0.0,0.0,9900.0,-75.60991315,-7179.694419327644,11191.423727273856,0.0,-3204.703634029453,0.0,0.0,0.0,0.0,-5900.0,-36.30221915,-2050.417874094402,5018.349111366319,0.0,-0.0,0.0,0.0,0.0,0.0,-4000.0,-39.307694,-979.0414173663202
t149,0.0,0.0,-2580.0319406947497,0.0,0.0,0.0,0.0,9900.0,-75.60991315,-7244.35814615525,10810.480627867284,0.0,-2804.5599729630517,0.0,0.0,0.0,0.0,-5900.0,-36.30221915,-2069.6184357542315,5027.442375304707,0.0,-0.0,0.0,0.0,0.0,0.0,-4000.0,-39.307694,-988.134681304707
t150,0.0,0.0,-2276.9207211903454,0.0,0.0,0.0,0.0,9900.0,-75.60991315,-7547.469365659655,8883.197233908477,0.0,-790.3687735965965,0.0,0.0,0.0,0.0,-5900.0,-36.30221915,-2156.52624116188,10668.192536231989,0.0,-5599.325291874628,0.0,0.0,0.0,0.0,-4000.0,-39.307694,-1029.5595503573584
t151,0.0,0.0,-0.0,0.0,0.0,0.0,0.0,8136.611704083645,-64.75992868137278,-8071.851775402272,3188.805609030781,3279.346840667418,-0.0,0.0,0.0,0.0,0.0,-4136.611704083645,-25.452234681372786,-2306.0885109331816,5139.592630544811,0.0,-0.0,0.0,0.0,0.0,0.0,-4000.0,-39.307694,-1100.2849365448117
t152,0.0,0.0,-0.0,0.0,0.0,0.0,0.0,8699.822479434164,-68.22531868042633,-8631.597160753738,5764.260959932657,1429.2249277779129,-0.0,0.0,0.0,0.0,0.0,-4699.822479434165,-28.91762468042634,-2464.7457835959817,5216.380192691189,0.0,-0.0,0.0,0.0,0.0,0.0,-4000.0,-39.307694,-1177.0724986911898
t153,3009.268391199106,0.0,-2895.8437335655512,0.0,0.0,0.0,0.0,9181.438414160553,-71.18866227509912,-9223.674409519008,9052.31947661183,0.0,-1204.4809232722328,0.0,0.0,0.0,0.0,-5181.438414160552,-31.88096827509912,-2634.519170903946,5297.20920547685,0.0,-0.0,0.0,0.0,0.0,0.0,-4000.0,-39.307694,-1257.9015114768508
t154,5003.405428344251,0.0,-2675.2940632007426,0.0,0.0,0.0,0.0,7334.27528685257,-59.823218096567985,-9602.563433899511,6098.450016551062,0.0,-0.0,0.0,0.0,0.0,0.0,-3334.2752868525704,-20.515524096567987,-2743.659205601923,5348.737701127709,0.0,-0.0,0.0,0.0,0.0,0.0,-4000.0,-39.307694,-1309.4300071277098
t155,6411.102406860359,0.0,-2895.8437335655512,0.0,0.0,0.0,0.0,6309.554869679909,-53.5181968844186,-9771.295346090297,5831.944251108513,0.0,-717.0235467311051,0.0,0.0,0.0,0.0,-2309.5548696799083,-14.210502884418599,-2791.15533181308,6268.424365285748,0.0,-897.4586856419817,0.0,0.0,0.0,0.0,-4000.0,-39.307694,-1331.6579856437668
t156,5964.34827595405,0.0,-2895.8437335655512,0.0,0.0,0.0,0.0,6664.528647262956,-55.70232160752421,-9677.330868043931,6548.917119370434,0.0,-1104.123521361368,0.0,0.0,0.0,0.0,-2664.528647262956,-16.394627607524217,-2763.8703231385857,5358.841327725918,0.0,-0.0,0.0,0.0,0.0,0.0,-4000.0,-39.307694,-1319.5336337259175
t157,6739.846012621606,0.0,-2895.8437335655512,0.0,0.0,0.0,0.0,5700.22049871417,-49.76901216061765,-9494.453765609607,9139.177761176481,0.0,-4716.163970881595,0.0,0.0,0.0,0.0,-1700.2204987141706,-10.461318160617646,-2712.3319734200963,5730.723829116714,0.0,-397.1415678863162,0.0,0.0,0.0,0.0,-4000.0,-39.307694,-1294.2745672303984
t158,8033.14503308893,0.0,-2895.8437335655512,0.0,0.0,0.0,0.0,4138.541623259099,-28.92998643479958,-9246.912936347679,12353.815526648212,0.0,-6497.372320405344,0.0,0.0,0.0,0.0,-3195.1903980896614,-19.659746111428245,-2641.593062041778,2640.687905001152,0.0,-428.1442027118508,0.0,0.0,0.0,0.0,-943.3512251694375,-9.270240323371336,-1259.9222367964924
t159,7403.354169304563,0.0,-2895.8437335655512,0.0,0.0,0.0,0.0,4617.26757227269,-29.42068141622463,-9095.357326595476,13464.316205043378,0.0,-6497.372320405344,0.0,0.0,0.0,0.0,-4342.088210421544,-26.716514878534614,-2598.139159337954,1517.598511988912,0.0,-0.0,0.0,0.0,0.0,0.0,-275.17936185114473,-2.7041665376900172,-1239.7149836000772
t160,5256.285125083672,0.0,-2895.8437335655512,0.0,0.0,0.0,0.0,6782.925709829074,-44.9786625566735,-9098.38843879052,15032.824254770134,0.0,-6497.372320405344,0.0,0.0,0.0,0.0,-5900.0,-36.30221915,-2599.1497152147867,2131.3171368358235,0.0,-0.0,0.0,0.0,0.0,0.0,-882.9257098290731,-8.6764434066735,-1239.7149836000772
t161,2348.168612580335,0.0,-2639.710846016836,0.0,0.0,0.0,0.0,9900.0,-75.60991315,-9532.8478534135,13382.163182079477,0.0,-4723.423430741049,0.0,0.0,0.0,0.0,-5900.0,-36.30221915,-2722.4375321884277,4547.996614563661,791.6478226256625,-0.0,0.0,0.0,0.0,0.0,-4000.0,-39.307694,-1300.336743189323
t162,0.0,623.853649466799,-0.0,0.0,0.0,0.0,0.0,9900.0,-75.60991315,-10448.2437363168,9760.737683796984,0.0,-840.2639603587776,0.0,0.0,0.0,0.0,-5900.0,-36.30221915,-2984.171504288206,5463.919044347277,0.0,-0.0,0.0,0.0,0.0,0.0,-4000.0,-39.307694,-1424.611350347277
t163,0.0,699.6314543428994,-0.0,0.0,0.0,0.0,0.0,9900.0,-75.60991315,-10524.0215411929,9188.846125975966,0.0,-246.1401732474302,0.0,0.0,0.0,0.0,-5900.0,-36.30221915,-3006.4037335785347,5474.022670945484,0.0,-0.0,0.0,0.0,0.0,0.0,-4000.0,-39.307694,-1434.7149769454845
t164,0.0,392.47875191176894,-0.0,0.0,0.0,0.0,0.0,9900.0,-75.60991315,-10216.86883876177,6493.989676081673,2360.797915362381,-0.0,0.0,0.0,0.0,0.0,-5900.0,-36.30221915,-2918.485372294053,5431.587439233012,0.0,-0.0,0.0,0.0,0.0,0.0,-4000.0,-39.307694,-1392.2797452330126
t165,0.0,79.2638250905533,-0.0,0.0,0.0,0.0,0.0,9900.0,-75.60991315,-9903.653911940553,9947.69866466396,0.0,-1181.8399903812206,0.0,0.0,0.0,0.0,-5900.0,-36.30221915,-2829.5564551327384,5390.1625701803605,0.0,-0.0,0.0,0.0,0.0,0.0,-4000.0,-39.307694,-1350.854876180361
t166,0.0,0.0,-396.6207895313616,0.0,0.0,0.0,0.0,9900.0,-75.60991315,-9427.769297318639,11159.39107235034,0.0,-2529.9574414400718,0.0,0.0,0.0,0.0,-5900.0,-36.30221915,-2693.131411760267,5324.488997292011,0.0,-0.0,0.0,0.0,0.0,0.0,-4000.0,-39.307694,-1285.1813032920115
t167,0.0,0.0,-1003.8535992718494,0.0,0.0,0.0,0.0,9900.0,-75.60991315,-8820.53648757815,11162.299915933203,0.0,-2706.681895838232,0.0,0.0,0.0,0.0,-5900.0,-36.30221915,-2519.3158009449703,5241.639259186709,0.0,-0.0,0.0,0.0,0.0,0.0,-4000.0,-39.307694,-1202.331565186709
t168,0.0,0.0,-1652.511609011274,0.0,0.0,0.0,0.0,9900.0,-75.60991315,-8171.878477838726,11105.006771375458,0.0,-2834.320476740947,0.0,0.0,0.0,0.0,-5900.0,-36.30221915,-2334.384075484509,10753.06299965693,0.0,-5599.325291874628,0.0,0.0,0.0,0.0,-4000.0,-39.307694,-1114.4300137823025
t169,0.0,0.0,-1708.081999253748,0.0,0.0,0.0,0.0,9900.0,-75.60991315,-8116.308087596252,11198.326061905283,0.0,-2943.8086613001033,0.0,0.0,0.0,0.0,-5900.0,-36.30221915,-2318.2151814551794,5145.654806503736,0.0,-0.0,0.0,0.0,0.0,0.0,-4000.0,-39.307694,-1106.3471125037363
t170,0.0,0.0,-1950.5709748572713,0.0,0.0,0.0,0.0,9900.0,-75.60991315,-7873.819111992729,11198.326061905283,0.0,-3012.5264609247574,0.0,0.0,0.0,0.0,-5900.0,-36.30221915,-2249.497381830527,10711.638130604279,0.0,-5599.325291874628,0.0,0.0,0.0,0.0,-4000.0,-39.307694,-1073.0051447296512
t171,0.0,0.0,-2033.4213748551422,0.0,0.0,0.0,0.0,9900.0,-75.60991315,-7790.9687119948585,11198.326061905283,0.0,-3035.7692460919184,0.0,0.0,0.0,0.0,-5900.0,-36.30221915,-2226.254596663365,5101.198849471622,0.0,-0.0,0.0,0.0,0.0,0.0,-4000.0,-39.307694,-1061.8911554716228
t172,0.0,0.0,-2026.3487797333726,0.0,0.0,0.0,0.0,9900.0,-75.60991315,-7798.041307116628,11198.326061905283,0.0,-3034.758690215085,0.0,0.0,0.0,0.0,-5900.0,-36.30221915,-2227.2651525401984,5102.209212131444,0.0,-0.0,0.0,0.0,0.0,0.0,-4000.0,-39.307694,-1062.9015181314435
t173,0.0,0.0,-1921.2702236385119,0.0,0.0,0.0,0.0,9900.0,-75.60991315,-7903.119863211488,11198.326061905283,0.0,-3004.4420139100916,0.0,0.0,0.0,0.0,-5900.0,-36.30221915,-2257.581828845192,10715.679581243563,0.0,-5599.325291874628,0.0,0.0,0.0,0.0,-4000.0,-39.307694,-1077.0465953689343
t174,0.0,0.0,-1678.781248034989,0.0,0.0,0.0,0.0,9900.0,-75.60991315,-8145.608838815011,11198.326061905283,0.0,-2934.713658408606,0.0,0.0,0.0,0.0,-5900.0,-36.30221915,-2327.3101843466775,5149.6962571430195,0.0,-0.0,0.0,0.0,0.0,0.0,-4000.0,-39.307694,-1110.3885631430194
t175,0.0,0.0,-1285.7470334109457,0.0,0.0,0.0,0.0,9900.0,-75.60991315,-8538.643053439055,11038.104018472535,0.0,-2662.319912647382,0.0,0.0,0.0,0.0,-5900.0,-36.30221915,-2439.481886675154,10802.570769988148,0.0,-5599.325291874628,0.0,0.0,0.0,0.0,-4000.0,-39.307694,-1163.93778411352
t176,484.08399090117666,0.0,-1334.3612389574612,0.0,0.0,0.0,0.0,9900.0,-75.60991315,-8974.112838793715,10762.267749269746,0.0,-2262.1852705941183,0.0,0.0,0.0,0.0,-5900.0,-36.30221915,-2563.7802595256276,10862.182166917573,0.0,-5599.325291874628,0.0,0.0,0.0,0.0,-4000.0,-39.307694,-1223.5491810429448
t177,3865.446793016859,0.0,-2895.8437335655512,0.0,0.0,0.0,0.0,8682.952906763245,-65.14809329025944,-9587.407872924292,14762.040384286483,0.0,-6497.372320405344,0.0,0.0,0.0,0.0,-5492.268159299071,-33.7934783643122,-2738.6064262177574,4528.438281538367,0.0,-0.0,0.0,0.0,0.0,0.0,-3190.6847474641727,-31.354614925947246,-1306.3989191482476
t178,6315.971473325053,0.0,-2895.8437335655512,0.0,0.0,0.0,0.0,6652.509212524056,-43.697069614519144,-10028.93988266904,15298.600450377244,0.0,-6497.372320405344,0.0,0.0,0.0,0.0,-5900.0,-36.30221915,-2864.9259108218976,7726.250033600698,0.0,-5599.325291874628,0.0,0.0,0.0,0.0,-752.5092125240562,-7.394850464519141,-1367.0206787374934
t179,7756.181555707659,0.0,-2895.8437335655512,0.0,0.0,0.0,0.0,5420.192139056053,-33.35000048595256,-10247.17996071221,14877.48427925607,0.0,-6497.372320405344,0.0,0.0,0.0,0.0,-5420.192139056053,-33.35000048595256,-2926.5698193087183,6996.656850406745,0.0,-5599.325291874628,0.0,0.0,0.0,0.0,-0.0,-0.0,-1397.3315585321163
t180,8578.642664626823,0.0,-2895.8437335655512,0.0,0.0,0.0,0.0,4640.420583697174,-28.55212965721114,-10294.667385101235,14107.062635344111,0.0,-6497.372320405344,0.0,0.0,0.0,0.0,-4640.420583697174,-28.55212965721114,-2940.7176015843816,1403.393734491041,0.0,-0.0,0.0,0.0,0.0,0.0,-0.0,-0.0,-1403.393734491041
t181,8859.21870910437,0.0,-2895.8437335655512,0.0,0.0,0.0,0.0,4314.392573984851,-26.546105884734008,-10251.221443638937,13766.901931337312,0.0,-6497.372320405344,0.0,0.0,0.0,0.0,-4314.392573984851,-26.546105884734008,-2928.5909310623842,1397.3315585321163,0.0,-0.0,0.0,0.0,0.0,0.0,-0.0,-0.0,-1397.3315585321163
t182,8897.75275813133,0.0,-2895.8437335655512,0.0,0.0,0.0,0.0,4163.791105913922,-25.619467325713238,-10140.080663153987,13583.036036648704,0.0,-6497.372320405344,0.0,0.0,0.0,0.0,-4163.791105913922,-25.619467325713238,-2896.2531430037243,6981.501410509434,0.0,-5599.325291874628,0.0,0.0,0.0,0.0,-0.0,-0.0,-1382.1761186348049
t183,8253.511625961853,0.0,-2895.8437335655512,0.0,0.0,0.0,0.0,4700.191887893306,-28.919897620568648,-10028.93988266904,14091.410016741114,0.0,-6497.372320405344,0.0,0.0,0.0,0.0,-4700.191887893306,-28.919897620568648,-2864.9259108218976,1367.0206787374934,0.0,-0.0,0.0,0.0,0.0,0.0,-0.0,-0.0,-1367.0206787374934
t184,6431.573620405932,0.0,-2895.8437335655512,0.0,0.0,0.0,0.0,6591.881673497647,-43.10128742651335,-10084.510272911513,15313.75878852974,0.0,-6497.372320405344,0.0,0.0,0.0,0.0,-5900.0,-36.30221915,-2880.0842489743945,7673.109613664848,0.0,-5599.325291874628,0.0,0.0,0.0,0.0,-691.8816734976465,-6.79906827651335,-1375.1035800160596
t185,3859.425847856396,0.0,-2895.8437335655512,0.0,0.0,0.0,0.0,9621.184997572367,-72.87001945049134,-10511.897092412722,15436.036049626548,0.0,-6497.372320405344,0.0,0.0,0.0,0.0,-5900.0,-36.30221915,-3002.3615100712022,10789.772341373333,0.0,-5599.325291874628,0.0,0.0,0.0,0.0,-3721.184997572368,-36.56780030049134,-1432.694251625843
t186,508.1677715430263,1154.3469900921953,-0.0,0.0,0.0,0.0,0.0,9900.0,-75.60991315,-11486.904848485223,12196.326056191083,0.0,-2978.748904963938,0.0,0.0,0.0,0.0,-5900.0,-36.30221915,-3281.2749320771436,5605.369816722184,0.0,-0.0,0.0,0.0,0.0,0.0,-4000.0,-39.307694,-1566.0621227221839
t187,0.0,2055.548976259265,-0.0,0.0,0.0,0.0,0.0,9900.0,-75.60991315,-11879.939063109266,11198.326061905283,0.0,-1868.5772083496631,0.0,0.0,0.0,0.0,-5900.0,-36.30221915,-3393.44663440562,11258.244329567311,0.0,-5599.325291874628,0.0,0.0,0.0,0.0,-4000.0,-39.307694,-1619.6113436926844
t188,0.0,1851.4540884596329,-0.0,0.0,0.0,0.0,0.0,9900.0,-75.60991315,-11675.844175309634,10980.758812896927,0.0,-1708.6116443207952,0.0,0.0,0.0,0.0,-5900.0,-36.30221915,-3335.844949426132,5630.628883217703,0.0,-0.0,0.0,0.0,0.0,0.0,-4000.0,-39.307694,-1591.321189217703
t189,0.0,1443.2643128603697,-0.0,0.0,0.0,0.0,0.0,9900.0,-75.60991315,-11267.65439971037,11198.326061905283,0.0,-2043.4033750417927,0.0,0.0,0.0,0.0,-5900.0,-36.30221915,-3218.62046771349,5575.05893692756,0.0,-0.0,0.0,0.0,0.0,0.0,-4000.0,-39.307694,-1535.751242927561
t190,0.0,768.3366640972303,-0.0,0.0,0.0,0.0,0.0,9900.0,-75.60991315,-10592.726750947231,11169.815650072998,0.0,-2207.9091356846343,0.0,0.0,0.0,0.0,-5900.0,-36.30221915,-3025.604295238364,11082.441226758501,0.0,-5599.325291874628,0.0,0.0,0.0,0.0,-4000.0,-39.307694,-1443.8082408838713
t191,0.0,503.11614717327603,-0.0,0.0,0.0,0.0,0.0,9392.193527543974,-72.48542131120558,-9822.824253406045,8230.674368943923,0.0,-0.0,0.0,0.0,0.0,0.0,-5392.193527543975,-33.17772731120558,-2805.3031140887433,5378.038218262513,0.0,-0.0,0.0,0.0,0.0,0.0,-4000.0,-39.307694,-1338.730524262512
t192,0.0,0.0,-0.0,0.0,0.0,0.0,0.0,9162.387285904355,-71.0714422356057,-9091.31584366875,6669.298585913041,1120.970495811208,-0.0,0.0,0.0,0.0,0.0,-5162.387285904356,-31.763748235605703,-2596.1180475842875,5278.012314940255,0.0,-0.0,0.0,0.0,0.0,0.0,-4000.0,-39.307694,-1238.7046209402563
t193,0.0,0.0,-0.0,0.0,0.0,0.0,0.0,8661.19069339929,-67.98762044944432,-8593.203072949847,2719.2534030109105,4425.257441665477,-0.0,0.0,0.0,0.0,0.0,-4661.190693399292,-28.679926449444334,-2454.6402248276504,10810.653671266713,0.0,-5599.325291874628,0.0,0.0,0.0,0.0,-4000.0,-39.307694,-1172.020685392086
t194,0.0,0.0,-0.0,0.0,0.0,0.0,0.0,8417.20046581062,-66.48636846429477,-8350.714097346325,425.1437770406704,6404.147232560408,-0.0,0.0,0.0,0.0,0.0,-4417.200465810619,-27.178674464294772,-2384.9118693261653,5176.9760489581795,0.0,-0.0,0.0,0.0,0.0,0.0,-4000.0,-39.307694,-1137.66835495818
t195,0.0,990.2219376858718,-0.0,0.0,0.0,0.0,0.0,7322.235335947265,-59.74913725990365,-8252.708136373234,1017.0341342191678,4683.269505639673,-0.0,0.0,0.0,0.0,0.0,-3322.235335947266,-20.441443259903647,-2357.626860651671,5164.85169704033,0.0,-0.0,0.0,0.0,0.0,0.0,-4000.0,-39.307694,-1125.5440030403308
t196,0.0,0.0,-0.0,0.0,0.0,0.0,0.0,8339.936893740873,-66.01097200233075,-8273.925921738542,4352.810124355755,2377.5202433001177,-0.0,0.0,0.0,0.0,0.0,-4339.936893740873,-26.703278002330748,-2363.69019591267,10131.809102952204,0.0,-4964.936680592231,0.0,0.0,0.0,0.0,-4000.0,-39.307694,-1127.5647283599724
t197,0.0,0.0,-1308.9855602396162,0.0,0.0,0.0,0.0,9900.0,-75.60991315,-8515.404526610384,8692.350904227716,0.0,-323.64068954039385,0.0,0.0,0.0,0.0,-5900.0,-36.30221915,-2432.4079955373218,5200.214390134058,0.0,-0.0,0.0,0.0,0.0,0.0,-4000.0,-39.307694,-1160.9066961340575
t198,0.0,0.0,-582.5290041607296,0.0,0.0,0.0,0.0,9900.0,-75.60991315,-9241.861082689271,10410.368401882835,0.0,-1834.4942324447225,0.0,0.0,0.0,0.0,-5900.0,-36.30221915,-2639.5719502881116,5299.229930796492,0.0,-0.0,0.0,0.0,0.0,0.0,-4000.0,-39.307694,-1259.9222367964924
t199,0.0,743.0773958051961,-0.0,0.0,0.0,0.0,0.0,9900.0,-75.60991315,-10567.467482655196,10967.649660467448,0.0,-2012.8170372169168,0.0,0.0,0.0,0.0,-5900.0,-36.30221915,-3018.530404100532,10572.071320783662,0.0,-5091.986473879253,0.0,0.0,0.0,0.0,-4000.0,-39.307694,-1440.7771529044091
t200,71.04715289345629,1318.6675111878028,-0.0,0.0,0.0,0.0,0.0,9900.0,-75.60991315,-11214.10475093126,9931.639328054127,0.0,-791.8749793431336,0.0,0.0,0.0,0.0,-5900.0,-36.30221915,-3203.462129560993,5568.9967609686355,0.0,-0.0,0.0,0.0,0.0,0.0,-4000.0,-39.307694,-1529.6890669686363
t201,3205.5512034301796,0.0,-1766.3283734965348,0.0,0.0,0.0,0.0,9900.0,-75.60991315,-11263.612916783644,14302.729674623726,0.0,-5148.817543637069,0.0,0.0,0.0,0.0,-5900.0,-36.30221915,-3217.609911836657,5575.05893692756,0.0,-0.0,0.0,0.0,0.0,0.0,-4000.0,-39.307694,-1535.751242927561
t202,5815.028835974583,0.0,-2895.8437335655512,0.0,0.0,0.0,0.0,8336.983242395769,-60.25026704380518,-11195.918077760994,15632.083889732172,0.0,-6497.372320405344,0.0,0.0,0.0,0.0,-5900.0,-36.30221915,-3198.4093501768275,8493.301707818136,0.0,-4506.72280119921,0.0,0.0,0.0,0.0,-2436.9832423957687,-23.948047893805175,-1525.6476163293532
t203,6957.804227430345,0.0,-2895.8437335655512,0.0,0.0,0.0,0.0,7115.520158364186,-48.24704275895273,-11129.233609470026,15612.883328072343,0.0,-6497.372320405344,0.0,0.0,0.0,0.0,-5900.0,-36.30221915,-3179.208788516998,2745.0296970239256,0.0,-0.0,0.0,0.0,0.0,0.0,-1215.5201583641851,-11.944823608952731,-1517.5647150507873
t204,7221.5216254585985,0.0,-2895.8437335655512,0.0,0.0,0.0,0.0,6749.186495753208,-44.64710988099985,-11030.217277765254,15584.587763521018,0.0,-6497.372320405344,0.0,0.0,0.0,0.0,-5900.0,-36.30221915,-3150.913223965671,2361.961386957325,0.0,-0.0,0.0,0.0,0.0,0.0,-849.1864957532075,-8.344890730999845,-1504.4300004731174
t205,8062.0455698591495,0.0,-2895.8437335655512,0.0,0.0,0.0,0.0,5689.87805596692,-35.0093559533029,-10821.070536307216,15313.550159558083,0.0,-6497.372320405344,0.0,0.0,0.0,0.0,-5689.87805596692,-35.0093559533029,-3091.290427232517,7074.454775212944,0.0,-5599.325291874628,0.0,0.0,0.0,0.0,-0.0,-0.0,-1475.1294833383151
t206,8511.208078829643,0.0,-2895.8437335655512,0.0,0.0,0.0,0.0,5074.257999159226,-31.22149591679979,-10658.400848506519,14647.656672379562,0.0,-6497.372320405344,0.0,0.0,0.0,0.0,-5074.257999159226,-31.22149591679979,-3044.804856898193,1453.911867482079,0.0,-0.0,0.0,0.0,0.0,0.0,-0.0,-0.0,-1453.911867482079
t207,8080.1084053405375,0.0,-2895.8437335655512,0.0,0.0,0.0,0.0,5314.867685418741,-32.70194770666515,-10466.430409487062,14834.16623720312,0.0,-6497.372320405344,0.0,0.0,0.0,0.0,-5314.867685418741,-32.70194770666515,-2989.2242836723717,1426.6320756669184,0.0,-0.0,0.0,0.0,0.0,0.0,-0.0,-0.0,-1426.6320756669184
t208,6284.662558490651,0.0,-2895.8437335655512,0.0,0.0,0.0,0.0,7055.553761641741,-47.65775756579063,-10396.71482900105,15403.69826156789,0.0,-6497.372320405344,0.0,0.0,0.0,0.0,-5900.0,-36.30221915,-2970.0237220125423,8183.773403660693,0.0,-5599.325291874628,0.0,0.0,0.0,0.0,-1155.5537616417414,-11.355538415790628,-1417.5388117285315
t209,3793.19545109131,0.0,-2895.8437335655512,0.0,0.0,0.0,0.0,9823.05076223027,-75.13645076136571,-10645.266028994662,15130.863245194823,0.0,-6231.221092812329,0.0,0.0,0.0,0.0,-5823.050762230269,-35.828756761365725,-3040.7626333908606,5490.188473502617,0.0,-0.0,0.0,0.0,0.0,0.0,-4000.0,-39.307694,-1450.8807795026169
t210,588.8484366932224,1108.0189298191651,-0.0,0.0,0.0,0.0,0.0,9900.0,-75.60991315,-11521.257453362388,8457.34337355673,769.3287805619118,-0.0,0.0,0.0,0.0,0.0,-5900.0,-36.30221915,-3290.3699349686417,5610.4216300212875,0.0,-0.0,0.0,0.0,0.0,0.0,-4000.0,-39.307694,-1571.1139360212876
t211,0.0,2061.611200649354,-0.0,0.0,0.0,0.0,0.0,9900.0,-75.60991315,-11886.001287499354,6441.426234122781,2890.3437311865046,-0.0,0.0,0.0,0.0,0.0,-5900.0,-36.30221915,-3395.467746159286,10636.505520033283,0.0,-4976.576119680777,0.0,0.0,0.0,0.0,-4000.0,-39.307694,-1620.621706352505
t212,0.0,2895.8437335655512,-0.0,0.0,0.0,0.0,0.0,8836.945015432846,-69.06902246893954,-11663.719726529458,3634.743815297302,4562.75469864645,-0.0,0.0,0.0,0.0,0.0,-4836.945015432846,-29.761328468939542,-3330.7921700419665,7782.543554904143,0.0,-2152.925034346262,0.0,0.0,0.0,0.0,-4000.0,-39.307694,-1590.3108265578821
t213,0.0,1424.0672689584244,-0.0,0.0,0.0,0.0,0.0,9900.0,-75.60991315,-11248.457355808425,4514.162862770974,4635.707044708351,-0.0,0.0,0.0,0.0,0.0,-5900.0,-36.30221915,-3213.5676883293245,5417.9926808956525,155.0455307122669,-0.0,0.0,0.0,0.0,0.0,-4000.0,-39.307694,-1533.7305176079194
t214,0.0,704.6833080013055,-0.0,0.0,0.0,0.0,0.0,9900.0,-75.60991315,-10529.073394851306,8271.749940922253,671.9665676831168,-0.0,0.0,0.0,0.0,0.0,-5900.0,-36.30221915,-3007.414289455368,3588.876367860074,1886.1566657452315,-0.0,0.0,0.0,0.0,0.0,-4000.0,-39.307694,-1435.7253396053054
t215,0.0,0.0,-0.0,0.0,0.0,0.0,0.0,9655.563877337847,-73.20785807196239,-9582.356019265884,9202.749575673013,0.0,-528.8514861820888,0.0,0.0,0.0,0.0,-5900.0,-36.30221915,-2737.5958703409246,2227.510330979752,2871.358104428305,-0.0,0.0,0.0,0.0,0.0,-3755.5638773378464,-36.9056389219624,-1306.3989191482476
t216,0.0,0.0,-1100.8491895132586,0.0,0.0,0.0,0.0,9900.0,-75.60991315,-8723.540897336741,8803.441647061309,0.0,-376.11919151766494,0.0,0.0,0.0,0.0,-5900.0,-36.30221915,-2491.020236393643,1168.9962265745303,4059.508318034509,-0.0,0.0,0.0,0.0,0.0,-4000.0,-39.307694,-1189.196850609039
t217,0.0,0.0,-0.0,0.0,0.0,0.0,0.0,8233.128917843373,-59.22969854128461,-8173.899219302088,10010.136017859739,0.0,-1739.4497232252295,0.0,0.0,0.0,0.0,-5900.0,-36.30221915,-2334.384075484509,1400.2961348659924,2070.1902761509673,-0.0,0.0,0.0,0.0,0.0,-2333.1289178433726,-22.927479391284606,-1114.4300137823025
t218,0.0,0.0,-1932.3843016870069,0.0,0.0,0.0,0.0,9900.0,-75.60991315,-7892.005785162994,8816.156987958168,0.0,-625.3046075934741,0.0,0.0,0.0,0.0,-5900.0,-36.30221915,-2254.5501612146927,5037.104642431709,78.23928427740468,-0.0,0.0,0.0,0.0,0.0,-4000.0,-39.307694,-1076.0362327091134
t219,0.0,0.0,-0.0,0.0,0.0,0.0,0.0,7851.9564385635285,-63.00846803203164,-7788.947970531496,4464.083422300809,1636.8178310812823,-0.0,0.0,0.0,0.0,0.0,-3851.9564385635276,-23.700774032031642,-2225.244040786532,5101.198849471622,0.0,-0.0,0.0,0.0,0.0,0.0,-4000.0,-39.307694,-1061.8911554716228
t220,0.0,0.0,-0.0,0.0,0.0,0.0,0.0,7849.923186666954,-62.99595759882205,-7786.927229068133,2406.228935052619,3691.6160001228573,-0.0,0.0,0.0,0.0,0.0,-3849.9231866669543,-23.688263598822054,-2224.233484909699,5100.188486811801,0.0,-0.0,0.0,0.0,0.0,0.0,-4000.0,-39.307694,-1060.880792811802
t221,0.0,2895.8437335655512,-0.0,0.0,0.0,0.0,0.0,5176.074975654472,-46.54398747509145,-8025.374721744932,470.9681223671372,3005.2944312967775,-0.0,0.0,0.0,0.0,0.0,-1176.074975654472,-7.2362934750914505,-2292.951284534351,8908.824169433135,0.0,-3775.2937148472483,0.0,0.0,0.0,0.0,-4000.0,-39.307694,-1094.2227605858873
t222,0.0,2895.8437335655512,-0.0,0.0,0.0,0.0,0.0,5925.328299541353,-51.154082112821534,-8770.017950994083,127.83927284490821,4314.503433478572,-0.0,0.0,0.0,0.0,0.0,-1925.3282995413533,-11.846388112821534,-2505.1680186693065,5234.566720567964,0.0,-0.0,0.0,0.0,0.0,0.0,-4000.0,-39.307694,-1195.2590265679635
t223,0.0,2895.8437335655512,-0.0,0.0,0.0,0.0,0.0,7290.656948089633,-59.55483801305424,-10126.94584364213,1025.9522347316959,5178.173332744216,-0.0,0.0,0.0,0.0,0.0,-3290.656948089633,-20.24714401305424,-2893.221475373225,8810.301403039995,0.0,-3389.827953065011,0.0,0.0,0.0,0.0,-4000.0,-39.307694,-1381.165755974984
t224,74.65971998973372,2895.8437335655512,-0.0,0.0,0.0,133.16519628328865,0.0,7728.119488524044,-62.246509371150125,-10769.541628991466,320.58967630262856,6497.372320405344,-0.0,0.0,0.0,9.22839626724006,0.0,-3728.1194885240434,-22.938815371150127,-3076.13208908002,5508.37500137939,0.0,-0.0,0.0,0.0,0.0,0.0,-4000.0,-39.307694,-1469.0673073793905
t225,2551.6765590039636,0.0,-0.0,0.0,0.0,0.0,0.0,8326.22725845185,-65.92661773373268,-10811.977199722083,2671.5570024554972,4769.547939332106,-0.0,0.0,0.0,0.0,0.0,-4326.227258451852,-26.618923733732682,-3088.2587596020176,3735.259652675873,1778.1671620026214,-0.0,0.0,0.0,0.0,0.0,-4000.0,-39.307694,-1474.1191206784943
t226,4344.714027789665,0.0,-0.0,0.0,0.0,0.0,0.0,6488.5404181638505,-54.61948037691809,-10778.634965576599,4265.882453377349,1316.122951997106,-0.0,0.0,0.0,0.0,0.0,-2488.5404181638505,-15.311786376918093,-3078.1532008336862,3007.8177597652793,2500.5572416141113,-0.0,0.0,0.0,0.0,0.0,-4000.0,-39.307694,-1469.0673073793905
t227,5218.955265088805,0.0,-1197.7077100568386,0.0,0.0,0.0,0.0,6793.676956539924,-56.49696062891819,-10758.427550942972,5883.966644618362,0.0,-0.0,0.0,0.0,0.0,0.0,-2793.676956539923,-17.18926662891819,-3073.1004214495206,2396.327709799749,3110.02656626,-0.0,0.0,0.0,0.0,0.0,-4000.0,-39.307694,-1467.046582059749
t228,5972.7775991786975,0.0,-0.0,0.0,0.0,0.0,0.0,4728.582882592366,-35.887038142776674,-10665.473443628287,5944.340900989293,0.0,-0.0,0.0,0.0,0.0,0.0,-2879.7957835843954,-17.71914875303842,-3046.8259686518595,1882.074895479665,1438.7919604001231,-0.0,0.0,0.0,0.0,0.0,-1848.787099007971,-18.167889389738257,-1453.911867482079
t229,5833.09167145597,0.0,-2895.8437335655512,0.0,0.0,0.0,0.0,7664.579900442462,-59.61962396971633,-10542.208214363163,7310.910332863569,0.0,-0.0,0.0,0.0,0.0,0.0,-4273.161406032208,-26.292413868661583,-3011.4565129627003,1994.4479145621751,2868.043854874081,-0.0,0.0,0.0,0.0,0.0,-3391.4184944102544,-33.327210101054746,-1437.746064924947
t230,6967.437739687085,0.0,-2895.8437335655512,0.0,0.0,0.0,0.0,6420.283803223178,-43.63407302791353,-10448.2437363168,8312.766747025637,0.0,-0.0,0.0,0.0,0.0,0.0,-5296.009328961092,-32.585913776337286,-2984.171504288206,1924.1474366577347,635.7865472032049,-0.0,0.0,0.0,0.0,0.0,-1124.2744742620862,-11.04815925157624,-1424.611350347277
t231,4910.682872873131,0.0,-2005.5855399518082,0.0,0.0,0.0,0.0,7486.704501149596,-60.76110262915661,-10331.040731441763,6458.9810701314655,0.0,-0.0,0.0,0.0,0.0,0.0,-3486.7045011495957,-21.45340862915662,-2950.823160352713,2881.4807900552564,2566.2724517348884,-0.0,0.0,0.0,0.0,0.0,-4000.0,-39.307694,-1408.4455477901447
t232,4147.227026526499,0.0,-525.8589510584188,0.0,0.0,0.0,0.0,6709.068265246526,-55.97637024699825,-10274.459970467607,5660.391207816907,0.0,-0.0,0.0,0.0,0.0,0.0,-2709.0682652465252,-16.668676246998253,-2934.654266323383,5258.3918138972385,181.27852661434085,-0.0,0.0,0.0,0.0,0.0,-4000.0,-39.307694,-1400.3626465115785
t233,2708.221133175986,0.0,-0.0,0.0,0.0,0.0,0.0,7845.4264634990805,-62.968289627653064,-10490.679307047414,4431.369327633074,2434.0159063038627,-0.0,0.0,0.0,0.0,0.0,-3845.4264634990805,-23.660595627653066,-2996.2981748102034,5468.97085764638,0.0,-0.0,0.0,0.0,0.0,0.0,-4000.0,-39.307694,-1429.6631636463808
t234,146.91106191528246,2895.8437335655512,-0.0,0.0,0.0,0.0,0.0,8323.139084091921,-65.90761644858223,-11299.986263124172,1226.5867450335302,6350.867732111961,-0.0,0.0,0.0,0.0,0.0,-4323.13908409192,-26.59992244858223,-3227.7154706049882,11179.436042101293,0.0,-5599.325291874628,0.0,0.0,0.0,0.0,-4000.0,-39.307694,-1540.8030562266647
t235,0.0,2895.8437335655512,-0.0,0.0,0.0,0.0,0.0,8780.013962328823,-68.7187303390713,-11607.138965555303,2213.4392590653997,5911.619571491963,-0.0,0.0,0.0,0.0,0.0,-4780.013962328822,-29.411036339071313,-3315.6338318894695,5621.535619279315,0.0,-0.0,0.0,0.0,0.0,0.0,-4000.0,-39.307694,-1582.2279252793162
t236,0.0,2895.8437335655512,-0.0,0.0,0.0,0.0,0.0,8484.175811377558,-66.8984623070775,-11313.121082636031,2727.927368816963,5015.596904979993,-0.0,0.0,0.0,0.0,0.0,-4484.175811377559,-27.59076830707749,-3231.7576941123207,11180.446404761113,0.0,-5599.325291874628,0.0,0.0,0.0,0.0,-4000.0,-39.307694,-1541.8134188864856
t237,0.0,2895.8437335655512,-0.0,0.0,0.0,0.0,0.0,8041.943523873087,-64.17744308399391,-10873.609814354644,1951.7258906675183,5220.525591797743,-0.0,0.0,0.0,0.0,0.0,-4041.943523873087,-24.86974908399391,-3105.4382095081805,5521.50971595706,0.0,-0.0,0.0,0.0,0.0,0.0,-4000.0,-39.307694,-1482.2020219570604
t238,0.0,830.6818244176206,-0.0,0.0,0.0,0.0,0.0,9402.152954221854,-72.54670085186129,-10160.288077787614,1840.3361189330942,6497.372320405344,-0.0,0.0,0.0,0.0,0.0,-5402.152954221854,-33.2390068518613,-2902.316478264723,7602.320551262267,0.0,-2177.8056506480007,0.0,0.0,0.0,0.0,-4000.0,-39.307694,-1385.207206614267
t239,0.0,0.0,-0.0,0.0,0.0,0.0,0.0,9300.64841487127,-71.92215169385712,-9228.726263177414,3281.967047956439,4687.836107266302,-0.0,0.0,0.0,0.0,0.0,-5300.648414871271,-32.61445769385712,-2636.5402826576124,6304.144037564536,0.0,-1006.9348320876861,0.0,0.0,0.0,0.0,-4000.0,-39.307694,-1257.9015114768508
t240,0.0,0.0,-0.0,0.0,0.0,0.0,0.0,8471.081641069784,-66.81789494434862,-8404.263746125436,1136.1802697238056,5762.481779768989,-0.0,0.0,0.0,0.0,0.0,-4471.0816410697835,-27.510200944348632,-2400.0702074786623,5559.052515282914,0.0,-373.99356504616856,0.0,0.0,0.0,0.0,-4000.0,-39.307694,-1145.751256236746
t241,0.0,2895.8437335655512,-0.0,0.0,0.0,0.0,0.0,4993.082304962967,-45.41804848622928,-7843.507990042289,2788.7831488280426,450.81188956018264,-0.0,0.0,0.0,0.0,0.0,-993.0823049629671,-6.110354486229283,-2240.402378939029,5108.271388090368,0.0,-0.0,0.0,0.0,0.0,0.0,-4000.0,-39.307694,-1068.963694090368
t242,0.0,0.0,-0.0,0.0,0.0,0.0,0.0,7604.916333129996,-61.48845039706771,-7543.427882732929,5444.5777881247395,337.0244308105383,-0.0,0.0,0.0,0.0,0.0,-3604.9163331299965,-22.180756397067718,-2154.5051294082136,5067.856881697537,0.0,-0.0,0.0,0.0,0.0,0.0,-4000.0,-39.307694,-1028.5491876975375
t243,0.0,0.0,-0.0,0.0,0.0,0.0,0.0,7458.522196576792,-60.58769920597798,-7397.934497370815,1897.2416334342065,3695.6329068066193,-0.0,0.0,0.0,0.0,0.0,-3458.5221965767923,-21.280005205977982,-2113.0723384580556,4750.827300475693,296.82232802542916,-0.0,0.0,0.0,0.0,0.0,-4000.0,-39.307694,-1008.3419345011222
t244,0.0,0.0,-0.0,0.0,0.0,0.0,0.0,7443.2728073524995,-60.49387095690613,-7382.778936395594,100.91402885998919,5472.57507040014,-0.0,0.0,0.0,0.0,0.0,-3443.2728073525,-21.18617695690613,-2109.030114950723,3770.3488947344817,1275.280008446999,-0.0,0.0,0.0,0.0,0.0,-4000.0,-39.307694,-1006.3212091814809
t245,0.0,2895.8437335655512,-0.0,0.0,0.0,0.0,0.0,4735.875940046574,-43.83547868521745,-7587.884194926908,14.93645048295595,2892.099074179047,-0.0,0.0,0.0,0.0,0.0,-735.8759400465738,-4.527784685217455,-2166.631799930211,2942.776184880978,2131.1428727754846,-0.0,0.0,0.0,0.0,0.0,-4000.0,-39.307694,-1034.6113636564621
t246,0.0,2895.8437335655512,-0.0,0.0,0.0,0.0,0.0,5490.2123936748885,-48.4768494059715,-8337.579277834468,3.553811172397766,3877.7079396041286,-0.0,0.0,0.0,0.0,0.0,-1490.2123936748885,-9.169155405971505,-2381.880201695666,2579.2913442646245,2596.674342033735,-0.0,0.0,0.0,0.0,0.0,-4000.0,-39.307694,-1136.6579922983592
t247,0.0,1631.6035184932275,-0.0,0.0,0.0,0.0,0.0,8113.375419461598,-64.61695771585052,-9680.361980238975,406.1932417875202,6497.372320405344,-0.0,0.0,0.0,0.0,0.0,-4113.375419461597,-25.309263715850516,-2764.8808790154185,1241.8538490425901,4116.987478683328,-0.0,0.0,0.0,0.0,0.0,-4000.0,-39.307694,-1319.5336337259175
t248,0.0,2895.8437335655512,-0.0,0.0,0.0,0.0,0.0,7563.112702230319,-61.231236063137914,-10397.725199732731,281.7386629948229,6273.321303311175,-0.0,0.0,0.0,0.0,0.0,-3563.112702230318,-21.923542063137916,-2970.0237220125423,885.8528282994167,4570.993677429115,-0.0,0.0,0.0,0.0,0.0,-4000.0,-39.307694,-1417.5388117285315
t249,1709.9484255713205,0.0,-0.0,0.0,0.0,0.0,0.0,8898.677534222652,-69.44885762585292,-10539.17710216812,2667.6185219650606,5271.646132969311,-0.0,0.0,0.0,0.0,0.0,-4898.677534222651,-30.141163625852933,-3010.445957085867,368.45084992720354,5107.592546337923,-0.0,0.0,0.0,0.0,0.0,-4000.0,-39.307694,-1436.735702265126
t250,3487.3314369398204,0.0,-0.0,0.0,0.0,0.0,0.0,7144.856006809599,-58.657736704134905,-10573.529707045285,4847.3262812782295,1337.4312840897032,-0.0,0.0,0.0,0.0,0.0,-3144.8560068095994,-19.35004270413491,-3020.5515158541984,139.84482514550638,5341.250384418723,-0.0,0.0,0.0,0.0,0.0,-4000.0,-39.307694,-1441.78751556423
t251,4614.452370978381,0.0,-1195.2495683302143,0.0,0.0,0.0,0.0,7243.905204693766,-59.267178346206556,-10603.840828995726,6292.500651908835,0.0,-0.0,0.0,0.0,0.0,0.0,-3243.9052046937654,-19.959484346206555,-3028.6359628688633,128.60552463007906,5356.531135573434,-0.0,0.0,0.0,0.0,0.0,-4000.0,-39.307694,-1445.828966203513
t252,4817.960317402009,0.0,-0.0,0.0,0.0,0.0,0.0,5785.7019881084925,-46.298530172117786,-10557.363775338385,5906.6428045457915,0.0,-0.0,0.0,0.0,0.0,0.0,-2873.4638790154827,-17.680189060276128,-3015.498736470033,72.97017989667148,4306.642697892947,-0.0,0.0,0.0,0.0,0.0,-2912.23810909301,-28.61834111184166,-1438.7564275847676
t253,4791.468158695975,0.0,-616.9836738448909,0.0,0.0,0.0,0.0,6306.820258594574,-50.23730956744237,-10431.067433878216,6195.030127867803,0.0,-0.0,0.0,0.0,0.0,0.0,-3195.2407909125686,-19.660056174360573,-2980.1292807808736,189.0103037103513,4375.737042392371,-0.0,0.0,0.0,0.0,0.0,-3111.5794676820055,-30.577253393081786,-1422.5906250276355
t254,4786.651402567605,0.0,-1296.4653904714623,0.0,0.0,0.0,0.0,6939.675195237322,-57.395275892766826,-10372.465931440698,5920.712608004799,0.0,-0.0,0.0,0.0,0.0,0.0,-2939.6751952373224,-18.087581892766835,-2962.94983087471,527.12232385615,4925.682731233098,-0.0,0.0,0.0,0.0,0.0,-4000.0,-39.307694,-1413.4973610892484
t255,5239.426478634377,0.0,-2465.386142402544,0.0,0.0,0.0,0.0,7541.3093011152005,-61.097081513053794,-10254.25255583398,6492.700175567472,0.0,-0.0,0.0,0.0,0.0,0.0,-3541.309301115201,-21.78938751305379,-2929.6014869392175,1262.9952162270613,4173.644036305055,-0.0,0.0,0.0,0.0,0.0,-4000.0,-39.307694,-1397.3315585321163
t256,4337.48889359711,0.0,-887.4940235010909,0.0,0.0,0.0,0.0,6821.521513118602,-56.668285916215446,-10214.848097298407,5756.3569214520385,0.0,-0.0,0.0,0.0,0.0,0.0,-2821.521513118603,-17.360591916215444,-2917.47481641722,2134.762806141452,3296.8246330915604,-0.0,0.0,0.0,0.0,0.0,-4000.0,-39.307694,-1392.2797452330126
t257,2623.9279009295124,0.0,-0.0,0.0,0.0,0.0,0.0,7905.842533339017,-63.34002478146851,-10466.430409487062,3553.121343613369,3366.9883600563217,-0.0,0.0,0.0,0.0,0.0,-3905.842533339018,-24.03233078146851,-2990.2348395492045,2439.2953201414316,3027.6548121853075,-0.0,0.0,0.0,0.0,0.0,-4000.0,-39.307694,-1427.6424383267392
t258,14.45026838510975,2895.8437335655512,-0.0,0.0,0.0,295.04954985775544,0.0,8073.130533334311,-64.36933421146753,-11214.10475093126,717.7885052032788,6497.372320405344,-0.0,0.0,0.0,86.49347749814682,0.0,-4073.13053333431,-25.061640211467545,-3203.462129560993,3087.572464263332,2480.413934045483,-0.0,0.0,0.0,0.0,0.0,-4000.0,-39.307694,-1528.6787043088157
t259,0.0,2031.912112623953,-0.0,0.0,0.0,0.0,0.0,9514.082942565576,-73.23539694784617,-11472.759658241683,2327.871033677888,6497.372320405344,-0.0,0.0,0.0,0.0,0.0,-5514.082942565576,-33.927702947846164,-3277.232708569811,3765.1298416604195,1838.219249742123,-0.0,0.0,0.0,0.0,0.0,-4000.0,-39.307694,-1564.0413974025423
t260,0.0,2895.8437335655512,-0.0,0.0,0.0,0.0,0.0,8373.363583014368,-66.21664369715539,-11202.990672882765,4146.183415943359,3454.5195786986583,-0.0,0.0,0.0,0.0,0.0,-4373.3635830143685,-26.908949697155393,-3200.430461930494,3930.701601908039,1636.2744337409558,-0.0,0.0,0.0,0.0,0.0,-4000.0,-39.307694,-1527.6683416489948
t261,0.0,921.9130153127963,-0.0,0.0,0.0,0.0,0.0,9900.0,-75.60991315,-10746.303102162796,5715.734391337497,3289.6260257546915,-0.0,0.0,0.0,0.0,0.0,-5900.0,-36.30221915,-3069.058197942188,3158.835790183453,2345.4977605566546,-0.0,0.0,0.0,0.0,0.0,-4000.0,-39.307694,-1465.0258567401074
t262,0.0,205.56016655072006,-0.0,0.0,0.0,0.0,0.0,9900.0,-75.60991315,-10029.95025340072,5563.308756888959,3237.919373082939,-0.0,0.0,0.0,0.0,0.0,-5900.0,-36.30221915,-2864.9259108218976,3167.9179526979055,2238.410420039588,-0.0,0.0,0.0,0.0,0.0,-4000.0,-39.307694,-1367.0206787374934
t263,0.0,1080.8060408680776,-0.0,0.0,0.0,0.0,0.0,8069.806832895818,-64.34888375355108,-9086.263990010344,6690.966070233657,0.0,-0.0,0.0,0.0,0.0,0.0,-4069.806832895818,-25.041189753551087,-2596.1180475842875,2702.8441808595767,2575.1681340806795,-0.0,0.0,0.0,0.0,0.0,-4000.0,-39.307694,-1238.7046209402563
t264,0.0,0.0,-0.0,0.0,0.0,0.0,0.0,8292.155474171423,-65.71697682190562,-8226.438497349518,4955.0576565323445,1713.0495140979906,-0.0,0.0,0.0,0.0,0.0,-4292.1554741714235,-26.409282821905624,-2349.542413637006,2632.9942721069424,2527.815974294105,-0.0,0.0,0.0,0.0,0.0,-4000.0,-39.307694,-1121.5025524010478
t265,0.0,0.0,-0.0,0.0,0.0,0.0,0.0,7766.559858907492,-62.483029837229296,-7704.076829070263,3581.8102686620655,2408.915625825193,-0.0,0.0,0.0,0.0,0.0,-3766.5598589074916,-23.175335837229294,-2200.9906997425373,3268.115136433464,1821.9697237801306,-0.0,0.0,0.0,0.0,0.0,-4000.0,-39.307694,-1050.7771662135942
t266,0.0,0.0,-0.0,0.0,0.0,0.0,0.0,7489.020975025378,-60.77535570412168,-7428.245619321256,2978.2124423289324,2653.432979873288,-0.0,0.0,0.0,0.0,0.0,-3489.0209750253775,-21.467661704121685,-2121.156785472721,3708.372887269263,1343.318191871142,-0.0,0.0,0.0,0.0,0.0,-4000.0,-39.307694,-1012.3833851404052
t267,0.0,2696.838039197786,-0.0,0.0,0.0,0.0,0.0,4668.741056515269,-43.42240321834234,-7322.156692494714,2763.6958749013384,0.0,-0.0,0.0,0.0,0.0,0.0,-668.7410565152691,-4.114709218342345,-2090.840109167727,3002.9240234571434,2034.621978445771,-0.0,0.0,0.0,0.0,0.0,-4000.0,-39.307694,-998.2383079029146
t268,0.0,0.0,-0.0,0.0,0.0,0.0,0.0,7433.10654786964,-60.431318790858235,-7372.675229078782,2529.2692772469586,3030.9593427337636,-0.0,0.0,0.0,0.0,0.0,-3433.10654786964,-21.123624790858244,-2105.998447320224,2334.1085158322544,2709.499662029585,-0.0,0.0,0.0,0.0,0.0,-4000.0,-39.307694,-1004.3004838618392
t269,0.0,0.0,-0.0,0.0,0.0,0.0,0.0,7672.013645716882,-61.901294692983846,-7610.112351023898,2629.194034784313,3239.118902693596,-0.0,0.0,0.0,0.0,0.0,-3672.0136457168815,-22.593600692983845,-2173.705691068043,1720.678432001273,3356.2717136346514,-0.0,0.0,0.0,0.0,0.0,-4000.0,-39.307694,-1037.6424516359243
t270,0.0,2895.8437335655512,-0.0,0.0,0.0,0.0,0.0,5553.243202468628,-48.86467283546846,-8400.22226319871,1122.7545630132092,2839.105269892716,-0.0,0.0,0.0,0.0,0.0,-1553.2432024686275,-9.556978835468465,-2399.059651601829,1027.5216404657,4156.526947111225,-0.0,0.0,0.0,0.0,0.0,-4000.0,-39.307694,-1144.7408935769254
t271,0.0,2895.8437335655512,-0.0,0.0,0.0,0.0,0.0,6902.305835844329,-57.16534527002454,-9740.984224139856,581.0679253275122,5122.166446585256,-0.0,0.0,0.0,0.0,0.0,-2902.3058358443295,-17.857651270024537,-2783.0708847984147,764.5491851175003,4602.375043886983,-0.0,0.0,0.0,0.0,0.0,-4000.0,-39.307694,-1327.6165350044837
t272,0.0,2895.8437335655512,-0.0,0.0,0.0,0.0,0.0,7559.046198437174,-61.20621519671875,-10393.683716806006,494.20087510970785,6055.757010659893,-0.0,0.0,0.0,0.0,0.0,-3559.0461984371736,-21.898521196718757,-2969.013166135709,499.99033532310415,4956.856170405427,-0.0,0.0,0.0,0.0,0.0,-4000.0,-39.307694,-1417.5388117285315
t273,3022.5144705521234,0.0,-0.0,0.0,0.0,0.0,0.0,7515.971195195821,-60.941178212387484,-10477.544487535557,2859.0419415423353,3670.8186891687446,-0.0,0.0,0.0,0.0,0.0,-3515.971195195821,-21.63348421238748,-2992.255951302871,959.241629503561,4508.718865482999,-0.0,0.0,0.0,0.0,0.0,-4000.0,-39.307694,-1428.65280098656
t274,4792.672347728068,0.0,-0.0,0.0,0.0,0.0,0.0,5748.407143725325,-48.37944294261451,-10492.700048510778,5218.2128167752635,0.0,-0.0,0.0,0.0,0.0,0.0,-2207.3226099658996,-13.581476122327468,-2997.3087306870366,599.1204773509246,4407.435549534989,-0.0,0.0,0.0,0.0,0.0,-3541.084533759425,-34.79796682028704,-1430.6735263062014
t275,6956.600038398253,0.0,-595.0638540431323,0.0,0.0,0.0,0.0,4136.407427305034,-25.450977783002543,-10472.492633877151,7153.103800514074,0.0,-0.0,0.0,0.0,0.0,0.0,-4136.407427305034,-25.450977783002543,-2991.2453954260377,389.00300816450647,1038.6394301622329,-0.0,0.0,0.0,0.0,0.0,-0.0,-0.0,-1427.6424383267392
t276,6288.275125586927,0.0,-0.0,0.0,0.0,0.0,0.0,4158.709992576974,-30.06287452922544,-10416.922243634677,5934.9641762283845,0.0,-0.0,0.0,0.0,0.0,0.0,-2940.782722536866,-18.09439641797745,-2976.087057273541,188.78040957509796,2460.6748756244315,-0.0,0.0,0.0,0.0,0.0,-1217.9272700401084,-11.968478111247988,-1419.559537048173
t277,5287.594039918076,0.0,-0.0,0.0,0.0,0.0,0.0,5106.776515337533,-41.10166771685717,-10353.268887538752,5444.122272160813,0.0,-0.0,0.0,0.0,0.0,0.0,-2472.0256044728662,-15.210172074234782,-2956.8864956137118,124.19647771718732,3947.9225645597076,-0.0,0.0,0.0,0.0,0.0,-2634.750910864666,-25.891495642622388,-1411.476635769607
t278,4866.127878685708,0.0,-0.0,0.0,0.0,0.0,0.0,5527.900480471874,-43.79058381387322,-10350.237775343709,5840.0505226942805,0.0,-0.0,0.0,0.0,0.0,0.0,-2866.5370143309897,-17.637568626411912,-2955.8759397368785,448.26444001848836,3650.728677079464,-0.0,0.0,0.0,0.0,0.0,-2661.363466140884,-26.153015187461307,-1411.476635769607
t279,4547.017785181202,0.0,-0.0,0.0,0.0,0.0,0.0,5776.671221783654,-50.23940722893024,-10273.449599735926,4469.16424561257,253.09295572339664,-0.0,0.0,0.0,0.0,0.0,-1776.6712217836537,-10.931713228930247,-2934.654266323383,236.957948914604,5202.712391596974,-0.0,0.0,0.0,0.0,0.0,-4000.0,-39.307694,-1400.3626465115785
t280,3103.195135702319,2895.8437335655512,-0.0,0.0,0.0,0.0,0.0,4352.259192913456,-41.47511610487227,-10309.822946076454,3076.7855230151904,223.41147297168553,-0.0,0.0,0.0,0.0,0.0,-352.2591929134563,-2.167422104872274,-2945.770380968547,660.3602316045769,4784.361922206106,-0.0,0.0,0.0,0.0,0.0,-4000.0,-39.307694,-1405.4144598106825
t281,1006.7020308293127,2895.8437335655512,-0.0,0.0,0.0,0.0,0.0,6835.850059233006,-56.75644829268085,-10681.63937533519,2628.058571763944,3277.118989797768,-0.0,0.0,0.0,0.0,0.0,-2835.8500592330056,-17.44875429268086,-3051.878748036025,1820.930631744158,3674.3096550575624,-0.0,0.0,0.0,0.0,0.0,-4000.0,-39.307694,-1455.9325928017206
t282,0.0,2895.8437335655512,-0.0,0.0,0.0,0.0,0.0,8547.206620171299,-67.28628573657444,-11375.764068000273,2251.3098029348553,5573.823108868334,-0.0,0.0,0.0,0.0,0.0,-4547.206620171298,-27.97859173657445,-3249.947699895317,4747.559822137325,842.6545546875475,-0.0,0.0,0.0,0.0,0.0,-4000.0,-39.307694,-1550.9066828248724
t283,0.0,2895.8437335655512,-0.0,0.0,0.0,0.0,0.0,8696.65063456936,-68.20580257747855,-11524.288565557432,2875.909966615505,5141.019267376808,-0.0,0.0,0.0,0.0,0.0,-4696.65063456936,-28.898108577478553,-3291.3804908454745,5610.4216300212875,0.0,-0.0,0.0,0.0,0.0,0.0,-4000.0,-39.307694,-1571.1139360212876
t284,0.0,2895.8437335655512,-0.0,0.0,0.0,0.0,0.0,8406.91223930781,-66.42306584511346,-11236.332907028249,1637.6246364684182,6005.928439506499,-0.0,0.0,0.0,0.0,0.0,-4406.912239307811,-27.115371845113458,-3209.525464821992,8725.740360565287,0.0,-3154.7228742770103,0.0,0.0,0.0,0.0,-4000.0,-39.307694,-1531.7097922882779
t285,0.0,2895.8437335655512,-0.0,0.0,0.0,0.0,0.0,7957.563570165339,-63.65826010579635,-10789.749043625094,5188.994663371297,1875.1148972408575,-0.0,0.0,0.0,0.0,0.0,-3957.5635701653387,-24.350566105796357,-3082.1954243410187,6586.650529154639,0.0,-1076.2548024556074,0.0,0.0,0.0,0.0,-4000.0,-39.307694,-1471.088032699032
t286,0.0,2895.8437335655512,-0.0,0.0,0.0,0.0,0.0,7235.72695338319,-62.215975012447544,-10069.354711936294,4519.624790316038,2102.48242332022,-0.0,0.0,0.0,0.0,0.0,-3723.156907156749,-22.908281012447546,-2876.042025467062,4923.950232263038,0.0,-0.0,0.0,0.0,0.0,0.0,-3512.5700462264413,-39.307694,-1372.0724920365972
t287,0.0,2895.8437335655512,-0.0,0.0,0.0,0.0,0.0,6276.06425170007,-53.31213184147401,-9118.595853424147,3804.710619672469,1090.5711203448604,-0.0,0.0,0.0,0.0,0.0,-2276.0642517000697,-14.004437841474013,-2605.2130504757856,5283.06412823936,0.0,-0.0,0.0,0.0,0.0,0.0,-4000.0,-39.307694,-1243.7564342393603
t288,0.0,2548.73485378603,-0.0,0.0,0.0,0.0,0.0,5773.389541808651,-50.21921531950097,-8271.90518027518,4146.980703163988,0.0,-0.0,0.0,0.0,0.0,0.0,-1773.3895418086506,-10.911521319500972,-2362.6796400358367,5166.872422359973,0.0,-0.0,0.0,0.0,0.0,0.0,-4000.0,-39.307694,-1127.5647283599724
t289,0.0,0.0,-0.0,0.0,0.0,0.0,0.0,7752.327095631486,-62.39545680476224,-7689.931638826724,5213.752202587109,758.6111320843444,-0.0,0.0,0.0,0.0,0.0,-3752.3270956314864,-23.087762804762242,-2196.948476235205,5088.064134893953,0.0,-0.0,0.0,0.0,0.0,0.0,-4000.0,-39.307694,-1048.756440893953
t290,0.0,0.0,-2348.578309682921,0.0,0.0,0.0,0.0,9783.008795050573,-74.89007580072938,-7359.540409566924,7920.547400664194,0.0,-0.0,0.0,0.0,0.0,0.0,-5783.008795050573,-35.58238180072938,-2101.9562238128915,10054.355987418094,0.0,-5011.758172216075,0.0,0.0,0.0,0.0,-4000.0,-39.307694,-1003.2901212020184
t291,0.0,0.0,-2640.654184595631,0.0,0.0,0.0,0.0,9900.0,-75.60991315,-7183.73590225437,10031.50647777989,0.0,-2042.7652727818213,0.0,0.0,0.0,0.0,-5900.0,-36.30221915,-2052.4389858480686,5018.349111366319,0.0,-0.0,0.0,0.0,0.0,0.0,-4000.0,-39.307694,-979.0414173663202
t292,0.0,0.0,-2668.9445650827083,0.0,0.0,0.0,0.0,9900.0,-75.60991315,-7155.445521767292,9182.022560370056,0.0,-1201.3658023866521,0.0,0.0,0.0,0.0,-5900.0,-36.30221915,-2044.3545388334035,5014.307660727036,0.0,-0.0,0.0,0.0,0.0,0.0,-4000.0,-39.307694,-974.9999667270371
t293,0.0,0.0,-1301.0518666701694,0.0,0.0,0.0,0.0,8710.697836935618,-68.29223386879116,-7341.35373639666,6836.585821233137,0.0,-0.0,0.0,0.0,0.0,0.0,-4710.69783693562,-28.98453986879116,-2096.903444428726,8074.436901560625,0.0,-3034.87017433807,0.0,0.0,0.0,0.0,-4000.0,-39.307694,-1000.259033222556
t294,0.0,2481.9182544984833,-0.0,0.0,0.0,0.0,0.0,5590.529820138215,-49.09409435513009,-8023.3539802815685,3892.2569491508625,0.0,-0.0,0.0,0.0,0.0,0.0,-1590.5298201382143,-9.786400355130091,-2291.9407286575183,5133.530454585886,0.0,-0.0,0.0,0.0,0.0,0.0,-4000.0,-39.307694,-1094.2227605858873
t295,0.0,2895.8437335655512,-0.0,0.0,0.0,0.0,0.0,6443.807533167283,-54.34424258126433,-9285.307024151569,3198.8814372848924,1912.6718211505963,-0.0,0.0,0.0,0.0,0.0,-2443.8075331672826,-15.036548581264336,-2652.709176686942,8012.248460617958,0.0,-2706.956353862541,0.0,0.0,0.0,0.0,-4000.0,-39.307694,-1265.984412755417
t296,0.0,2895.8437335655512,-0.0,0.0,0.0,0.0,0.0,7201.193864640454,-59.00437895183275,-10038.033219254172,3552.3149976476125,2535.522574520239,-0.0,0.0,0.0,0.0,0.0,-3201.193864640454,-19.696684951832747,-2866.947022575564,5407.338735397314,0.0,-0.0,0.0,0.0,0.0,0.0,-4000.0,-39.307694,-1368.031041397314
t297,1361.937795296594,2895.8437335655512,-0.0,0.0,0.0,0.0,0.0,6044.315746219865,-51.886202174757514,-10250.211072907254,4842.850750847664,141.62387873251032,-0.0,0.0,0.0,0.0,0.0,-2044.315746219866,-12.578508174757518,-2927.580375185551,5436.639252532115,0.0,-0.0,0.0,0.0,0.0,0.0,-4000.0,-39.307694,-1397.3315585321163
t298,3731.7818104545936,0.0,-2479.636689778692,0.0,0.0,0.0,0.0,9123.457884543926,-70.8319128017812,-10304.771092418046,8098.731372560587,0.0,-0.0,0.0,0.0,0.0,0.0,-5123.457884543926,-31.52421880178119,-2943.749269214881,5443.711791150861,0.0,-0.0,0.0,0.0,0.0,0.0,-4000.0,-39.307694,-1404.4040971508616
t299,5373.091461196642,0.0,-2895.8437335655512,0.0,0.0,0.0,0.0,7897.689172929184,-56.02061789868852,-10318.916282661587,15357.569229297891,0.0,-6497.372320405344,0.0,0.0,0.0,0.0,-5876.249332939078,-36.15608323125352,-2947.7914927222137,3448.739559787864,0.0,-0.0,0.0,0.0,0.0,0.0,-2021.4398399901045,-19.864534667434995,-1407.435185130324
t300,5986.023678531715,0.0,-2895.8437335655512,0.0,0.0,0.0,0.0,7198.994761926633,-49.067341302353725,-10240.107365590442,15359.23380298723,0.0,-6497.372320405344,0.0,0.0,0.0,0.0,-5900.0,-36.30221915,-2925.559263431885,2708.081079951281,0.0,-0.0,0.0,0.0,0.0,0.0,-1298.9947619266322,-12.765122152353728,-1396.3211958722954
t301,6612.201975219804,0.0,-2895.8437335655512,0.0,0.0,0.0,0.0,6392.113913752409,-41.13818493373052,-10067.333970472931,15308.706009145573,0.0,-6497.372320405344,0.0,0.0,0.0,0.0,-5900.0,-36.30221915,-2875.031469590229,1869.0223715727366,0.0,-0.0,0.0,0.0,0.0,0.0,-492.1139137524089,-4.83596578373052,-1372.0724920365972
t302,6969.84611775127,0.0,-2895.8437335655512,0.0,0.0,0.0,0.0,5909.810722842904,-39.744365820815524,-9944.068741207806,14358.092641035493,0.0,-6497.372320405344,0.0,0.0,0.0,0.0,-4989.34869496405,-30.69905588819516,-2840.672569777903,2285.4140272909385,0.0,-0.0,0.0,0.0,0.0,0.0,-920.4620278788533,-9.04530993262036,-1355.906689479465
t303,7146.861905468864,0.0,-2895.8437335655512,0.0,0.0,0.0,0.0,5560.553028174357,-34.21362959728502,-9777.357570480384,14885.31542174373,0.0,-6497.372320405344,0.0,0.0,0.0,0.0,-5560.553028174357,-34.21362959728502,-2793.176443566746,6931.993640178216,0.0,-5599.325291874628,0.0,0.0,0.0,0.0,-0.0,-0.0,-1332.6683483035874
t304,5546.49468181796,0.0,-2895.8437335655512,0.0,0.0,0.0,0.0,7084.728078453603,-47.94445134526555,-9687.434575360745,15201.587086201265,0.0,-6497.372320405344,0.0,0.0,0.0,0.0,-5900.0,-36.30221915,-2767.912546645918,2517.924669694427,0.0,-0.0,0.0,0.0,0.0,0.0,-1184.7280784536024,-11.642232195265548,-1321.554359045559
t305,3445.1848208165834,0.0,-2895.8437335655512,0.0,0.0,0.0,0.0,9380.619604852289,-71.7734630884281,-9858.187229014893,14901.979728523205,0.0,-6497.372320405344,0.0,0.0,0.0,0.0,-5555.019155133312,-34.17958012747413,-2815.4086728570746,5206.976670241545,0.0,-0.0,0.0,0.0,0.0,0.0,-3825.600449718976,-37.59388296095397,-1343.7823375616158
t306,481.6756128369917,322.9415283226222,-0.0,0.0,0.0,0.0,0.0,9801.48072724914,-75.00373209408468,-10531.094136314669,8844.591054798593,0.0,-0.0,0.0,0.0,0.0,0.0,-5801.480727249141,-35.69603809408469,-3007.414289455368,5475.033033605305,0.0,-0.0,0.0,0.0,0.0,0.0,-4000.0,-39.307694,-1435.7253396053054
t307,0.0,2895.8437335655512,-0.0,0.0,0.0,0.0,0.0,8011.4447454245055,-63.989786585850226,-10843.298692404205,4136.496382371791,2996.9842181320805,-0.0,0.0,0.0,0.0,0.0,-4011.444745424505,-24.682092585850228,-3097.3537624935157,8769.167229655195,0.0,-3251.698964337418,0.0,0.0,0.0,0.0,-4000.0,-39.307694,-1478.1605713177773
t308,0.0,2895.8437335655512,-0.0,0.0,0.0,0.0,0.0,7740.005617232106,-62.31964375237134,-10573.529707045285,6091.762892583605,691.8061902550696,-0.0,0.0,0.0,0.0,0.0,-3740.0056172321056,-23.01194975237134,-3020.5515158541984,5481.09520956423,0.0,-0.0,0.0,0.0,0.0,0.0,-4000.0,-39.307694,-1441.78751556423
t309,0.0,2197.062600743205,-0.0,0.0,0.0,0.0,0.0,8084.243952190509,-64.4377141719461,-10216.86883876177,7027.859344656508,0.0,-0.0,0.0,0.0,0.0,0.0,-4084.2439521905094,-25.1300201719461,-2918.485372294053,5431.587439233012,0.0,-0.0,0.0,0.0,0.0,0.0,-4000.0,-39.307694,-1392.2797452330126
t310,0.0,0.0,-116.7480968556287,0.0,0.0,0.0,0.0,9900.0,-75.60991315,-9707.641989994372,9984.308848133473,0.0,-1275.0413029533884,0.0,0.0,0.0,0.0,-5900.0,-36.30221915,-2772.965326030084,6430.912364271782,0.0,-1068.029585906583,0.0,0.0,0.0,0.0,-4000.0,-39.307694,-1323.5750843652006
t311,0.0,231.15238857586107,-0.0,0.0,0.0,0.0,0.0,8832.207739246132,-69.0398743946507,-8994.320253427342,7431.7835144274095,0.0,-0.0,0.0,0.0,0.0,0.0,-4832.207739246132,-29.7321803946507,-2569.8435947866265,5265.887963022407,0.0,-0.0,0.0,0.0,0.0,0.0,-4000.0,-39.307694,-1226.5802690224073
t312,0.0,0.0,-422.5398894525352,0.0,0.0,0.0,0.0,8744.760213452868,-68.50181689541809,-8253.718507104915,7131.581196999957,0.0,-0.0,0.0,0.0,0.0,0.0,-4744.760213452868,-29.1941228954181,-2357.626860651671,9305.519507052388,0.0,-4140.667810012058,0.0,0.0,0.0,0.0,-4000.0,-39.307694,-1125.5440030403308
t313,0.0,0.0,-2119.3028870480566,0.0,0.0,0.0,0.0,9900.0,-75.60991315,-7705.087199801944,10258.76609076302,0.0,-2121.473171870482,0.0,0.0,0.0,0.0,-5900.0,-36.30221915,-2200.9906997425373,5090.084860213594,0.0,-0.0,0.0,0.0,0.0,0.0,-4000.0,-39.307694,-1050.7771662135942
t314,0.0,0.0,-2429.4867016742287,0.0,0.0,0.0,0.0,9900.0,-75.60991315,-7394.903385175771,9384.684490241907,0.0,-1336.320488510684,0.0,0.0,0.0,0.0,-5900.0,-36.30221915,-2112.061782581223,5047.649628501122,0.0,-0.0,0.0,0.0,0.0,0.0,-4000.0,-39.307694,-1008.3419345011222
t315,0.0,0.0,-2574.9800870363433,0.0,0.0,0.0,0.0,9900.0,-75.60991315,-7249.409999813657,8460.15466597676,0.0,-453.223455195694,0.0,0.0,0.0,0.0,-5900.0,-36.30221915,-2070.6289916310648,5027.442375304707,0.0,-0.0,0.0,0.0,0.0,0.0,-4000.0,-39.307694,-988.134681304707
t316,0.0,0.0,-2427.8131218130616,0.0,0.0,0.0,0.0,9690.924365536648,-74.32348781081122,-7188.787755912776,7779.389701072362,0.0,-0.0,0.0,0.0,0.0,0.0,-5690.924365536649,-35.01579381081121,-2053.449541724902,5018.349111366319,0.0,-0.0,0.0,0.0,0.0,0.0,-4000.0,-39.307694,-979.0414173663202
t317,0.0,0.0,-1775.2449614455807,0.0,0.0,0.0,0.0,9108.529842547105,-70.74006177601017,-7262.544819325514,7214.633425461512,0.0,-0.0,0.0,0.0,0.0,0.0,-5108.529842547105,-31.432367776010167,-2074.671215138397,10478.125038964406,0.0,-5448.661938340059,0.0,0.0,0.0,0.0,-4000.0,-39.307694,-990.1554066243485
t318,0.0,0.0,-1957.4352175328115,0.0,0.0,0.0,0.0,9601.918954793586,-73.77584477245011,-7570.707892488325,7798.976681988915,0.0,-0.0,0.0,0.0,0.0,0.0,-5601.918954793587,-34.46815077245012,-2162.5895764228785,5070.887969676999,0.0,-0.0,0.0,0.0,0.0,0.0,-4000.0,-39.307694,-1031.580275677
t319,0.0,2418.5891142777627,-0.0,0.0,0.0,0.0,0.0,5684.7498102294785,-49.67382227523244,-8053.665102232008,3996.151670053727,0.0,-0.0,0.0,0.0,0.0,0.0,-1684.7498102294778,-10.366128275232443,-2301.0357315490164,5136.56154256535,0.0,-0.0,0.0,0.0,0.0,0.0,-4000.0,-39.307694,-1097.2538485653495
t320,826.0736760154407,2557.293794539685,-0.0,0.0,0.0,0.0,0.0,5238.5774895737395,-46.92856034928181,-8575.016399779583,3695.785801366506,0.0,-0.0,0.0,0.0,0.0,0.0,-1238.5774895737386,-7.620866349281814,-2449.587445443485,5208.297291412624,0.0,-0.0,0.0,0.0,0.0,0.0,-4000.0,-39.307694,-1168.9895974126237
t321,4014.766232996326,0.0,-2485.220195061974,0.0,0.0,0.0,0.0,7680.302864287835,-61.95229757927961,-9147.896604642907,6316.244965357565,0.0,-0.0,0.0,0.0,0.0,0.0,-3680.302864287835,-22.64460357927961,-2613.2974974904505,5286.095216218822,0.0,-0.0,0.0,0.0,0.0,0.0,-4000.0,-39.307694,-1246.7875222188225
t322,6442.411321694765,0.0,-2895.8437335655512,0.0,0.0,0.0,0.0,5980.180718152512,-51.49158457406387,-9475.256721707663,9178.035416826291,0.0,-4478.391614063784,0.0,0.0,0.0,0.0,-1980.1807181525116,-12.183890574063875,-2707.2791940359307,10929.876465125564,0.0,-5599.325291874628,0.0,0.0,0.0,0.0,-4000.0,-39.307694,-1291.2434792509362
t323,8263.145138218593,0.0,-2895.8437335655512,0.0,0.0,0.0,0.0,4234.4125061306695,-28.451228102958524,-9573.262682680754,12835.903363299969,0.0,-6497.372320405344,0.0,0.0,0.0,0.0,-3581.927532006856,-22.039308177344324,-2734.564202710425,1964.2854505378548,0.0,-0.0,0.0,0.0,0.0,0.0,-652.484974123814,-6.4119199256142,-1305.3885564884267
t324,8753.250074280231,0.0,-2895.8437335655512,0.0,0.0,0.0,0.0,3661.3921155784856,-24.3446906835579,-9494.453765609607,12396.178456135336,0.0,-6497.372320405344,0.0,0.0,0.0,0.0,-3166.9879436024266,-19.486218707468325,-2712.3319734200963,1793.537211182547,0.0,-0.0,0.0,0.0,0.0,0.0,-494.40417197605893,-4.858471976089575,-1294.2745672303984
t325,8588.276176883563,0.0,-2895.8437335655512,0.0,0.0,0.0,0.0,3645.4537982972843,-29.340690635055864,-9308.54555098024,10931.535380128867,0.0,-6497.372320405344,0.0,0.0,0.0,0.0,-1764.5335168558495,-10.857030919732418,-2658.772511947941,3168.4194418916372,0.0,-0.0,0.0,0.0,0.0,0.0,-1880.9202814414346,-18.483659715323444,-1269.0155007348794
t326,8301.679187245552,0.0,-2895.8437335655512,0.0,0.0,0.0,0.0,3699.9655148951847,-25.599202954930213,-9080.201765620255,12038.19387359617,0.0,-6497.372320405344,0.0,0.0,0.0,0.0,-2928.7045370332585,-18.02008032694587,-2594.096935830621,2016.534358770346,0.0,-0.0,0.0,0.0,0.0,0.0,-771.2609778619261,-7.579122627984342,-1237.6942582804356
t327,7537.019151866828,0.0,-2895.8437335655512,0.0,0.0,0.0,0.0,4329.934663617803,-33.37058946589339,-8937.739492453185,11563.867287205696,0.0,-6497.372320405344,0.0,0.0,0.0,0.0,-2498.4580133878408,-15.372808532047292,-2552.6641448804635,8667.297090782276,0.0,-5599.325291874628,0.0,0.0,0.0,0.0,-1831.476650229962,-17.99778093384609,-1218.497367743841
t328,5581.416163748642,0.0,-2895.8437335655512,0.0,0.0,0.0,0.0,6314.810935886645,-53.55053703141925,-8946.832829038318,10443.28760323529,0.0,-5558.538011806264,0.0,0.0,0.0,0.0,-2314.810935886645,-14.242843031419252,-2555.6958125109627,5258.815424403661,0.0,-0.0,0.0,0.0,0.0,0.0,-4000.0,-39.307694,-1219.507730403662
t329,3103.195135702319,0.0,-2895.8437335655512,0.0,0.0,0.0,0.0,9114.379068725611,-70.77605158797458,-9250.954419274403,9675.73985597667,0.0,-1888.2993676213075,0.0,0.0,0.0,0.0,-5114.3790687256105,-31.46835758797458,-2641.593062041778,5300.240293456313,0.0,-0.0,0.0,0.0,0.0,0.0,-4000.0,-39.307694,-1260.9325994563133
t330,390.15724639796326,2895.8437335655512,-0.0,0.0,0.0,0.0,0.0,6772.022616187689,-56.36372323755963,-10001.659872913644,5453.612346432658,192.30776279982285,-0.0,0.0,0.0,0.0,0.0,-2772.0226161876885,-17.056029237559628,-2856.8414638072327,5402.286922098209,0.0,-0.0,0.0,0.0,0.0,0.0,-4000.0,-39.307694,-1362.9792280982103
t331,0.0,2306.6996190844707,-0.0,0.0,0.0,0.0,0.0,8066.441131125163,-64.32817486486094,-10308.812575344773,7036.221437081737,0.0,-0.0,0.0,0.0,0.0,0.0,-4066.4411311251624,-25.02048086486094,-2944.759825091714,5444.722153810682,0.0,-0.0,0.0,0.0,0.0,0.0,-4000.0,-39.307694,-1405.4144598106825
t332,0.0,213.64313240417232,-0.0,0.0,0.0,0.0,0.0,9900.0,-75.60991315,-10038.033219254172,9677.315664212212,0.0,-873.0558666098141,0.0,0.0,0.0,0.0,-5900.0,-36.30221915,-2867.9575784523972,11006.664027271941,0.0,-5599.325291874628,0.0,0.0,0.0,0.0,-4000.0,-39.307694,-1368.031041397314
t333,0.0,1131.0491809272155,-0.0,0.0,0.0,0.0,0.0,8661.760236306272,-67.99112480053323,-9724.818292432954,7468.461772521054,0.0,-0.0,0.0,0.0,0.0,0.0,-4661.760236306271,-28.683430800533223,-2778.0181054142495,5364.903503684842,0.0,-0.0,0.0,0.0,0.0,0.0,-4000.0,-39.307694,-1325.5958096848422
t334,0.0,606.4724175420534,-0.0,0.0,0.0,0.0,0.0,8737.186113367585,-68.4552140748825,-9275.203316834755,7416.01114249891,0.0,-0.0,0.0,0.0,0.0,0.0,-4737.186113367584,-29.147520074882507,-2649.677509056443,5304.281744095596,0.0,-0.0,0.0,0.0,0.0,0.0,-4000.0,-39.307694,-1264.9740500955963
t335,0.0,0.0,-396.6395135061509,0.0,0.0,0.0,0.0,9137.549378680527,-70.91861661674692,-8669.99124855763,7646.032755415253,0.0,-0.0,0.0,0.0,0.0,0.0,-5137.549378680527,-31.610922616746922,-2476.872454117979,5221.432005990293,0.0,-0.0,0.0,0.0,0.0,0.0,-4000.0,-39.307694,-1182.1243119902936
t336,0.0,0.0,-922.6111975783389,0.0,0.0,0.0,0.0,9046.635530931371,-70.35923112102496,-8053.665102232008,7378.7227996014135,0.0,-0.0,0.0,0.0,0.0,0.0,-5046.635530931372,-31.051537121024957,-2301.0357315490164,5136.56154256535,0.0,-0.0,0.0,0.0,0.0,0.0,-4000.0,-39.307694,-1097.2538485653495
t337,0.0,0.0,-2895.8437335655512,0.0,0.0,0.0,0.0,9523.034543157592,-71.90550244346709,-6555.285307148572,11181.572503845568,0.0,-3372.7102449237927,0.0,0.0,0.0,0.0,-5900.0,-36.30221915,-1872.560039771773,4551.7984177326125,0.0,-0.0,0.0,0.0,0.0,0.0,-3623.0345431575906,-35.60328329346709,-893.1605912815552
t338,0.0,0.0,-2895.8437335655512,0.0,0.0,0.0,0.0,9249.567850801408,-69.21816617788485,-6284.505951057972,10989.303124483837,0.0,-3258.253668078213,0.0,0.0,0.0,0.0,-5900.0,-36.30221915,-1794.7472372556226,4239.271333357301,0.0,-0.0,0.0,0.0,0.0,0.0,-3349.567850801409,-32.915947027884854,-856.7875355280077
t339,0.0,0.0,-0.0,0.0,0.0,0.0,0.0,6199.475492970714,-39.245141909547996,-6160.230351061166,10940.5869906251,0.0,-3244.9069899086353,0.0,0.0,0.0,0.0,-5900.0,-36.30221915,-1759.3777815664635,1142.0297860413168,0.0,-0.0,0.0,0.0,0.0,0.0,-299.4754929707143,-2.942922759547997,-839.6113703110547
t340,0.0,0.0,-2895.8437335655512,0.0,0.0,0.0,0.0,9122.018087575576,-67.96474441222148,-6158.209609597803,10271.924639008757,0.0,-2576.2446382922926,0.0,0.0,0.0,0.0,-5900.0,-36.30221915,-1759.3777815664635,4093.291983148851,0.0,-0.0,0.0,0.0,0.0,0.0,-3222.018087575575,-31.66252526222147,-839.6113703110547
t341,0.0,0.0,-2895.8437335655512,0.0,0.0,0.0,0.0,9336.301689794973,-70.07049297853592,-6370.387463250886,9600.318068297523,0.0,-1844.0047149710726,0.0,0.0,0.0,0.0,-5900.0,-36.30221915,-1820.0111341764507,4337.971488409545,0.0,-0.0,0.0,0.0,0.0,0.0,-3436.3016897949724,-33.768273828535925,-867.9015247860361
t342,0.0,0.0,-2465.8881664806836,0.0,0.0,0.0,0.0,9621.472782717265,-73.89615788202752,-7081.688458354553,7679.1941120192,0.0,-0.0,0.0,0.0,0.0,0.0,-5621.472782717264,-34.58846388202753,-2023.132865419908,5004.204034128829,0.0,-0.0,0.0,0.0,0.0,0.0,-4000.0,-39.307694,-964.8963401288294
t343,34.9214819306819,2895.8437335655512,-0.0,0.0,0.0,0.0,0.0,5525.221902887125,-48.6922600628794,-8407.29485832048,2210.5791393992326,1725.108092906266,-0.0,0.0,0.0,0.0,0.0,-1525.2219028871255,-9.384566062879399,-2401.080763355495,5186.069312896567,0.0,-0.0,0.0,0.0,0.0,0.0,-4000.0,-39.307694,-1146.761618896567
t344,2142.2522880925208,1498.0905725253224,-0.0,0.0,0.0,0.0,0.0,5589.986730942113,-49.09075277156825,-9181.238838788391,4222.16229009563,0.0,-0.0,0.0,0.0,0.0,0.0,-1589.9867309421134,-9.783058771568253,-2622.3925003819486,5291.147029517926,0.0,-0.0,0.0,0.0,0.0,0.0,-4000.0,-39.307694,-1251.8393355179264
t345,4742.096408380183,0.0,-2845.4386964172263,0.0,0.0,0.0,0.0,7564.058258864652,-61.2370539960461,-9399.478916831562,6271.034583606299,0.0,-0.0,0.0,0.0,0.0,0.0,-3564.058258864651,-21.929359996046102,-2685.046964745602,5320.447546652728,0.0,-0.0,0.0,0.0,0.0,0.0,-4000.0,-39.307694,-1281.1398526527285
t346,6710.9454758513875,0.0,-2895.8437335655512,0.0,0.0,0.0,0.0,5746.632537403525,-37.979762860994505,-9523.754516828367,7784.572555653124,0.0,-0.0,0.0,0.0,0.0,0.0,-5033.187343697361,-30.968791521001354,-2720.416420434761,2018.7721829158384,0.0,-0.0,0.0,0.0,0.0,0.0,-713.4451937061639,-7.010971339993153,-1298.3160178696814
t347,8147.542991137716,0.0,-2895.8437335655512,0.0,0.0,0.0,0.0,4456.080623573084,-27.41790090627436,-9680.361980238975,8840.774679246651,0.0,-1592.395275751875,0.0,0.0,0.0,0.0,-4456.080623573084,-27.41790090627436,-2764.8808790154185,1319.5336337259175,0.0,-0.0,0.0,0.0,0.0,0.0,-0.0,-0.0,-1319.5336337259175
t348,8164.401637587011,0.0,-2895.8437335655512,0.0,0.0,0.0,0.0,4519.431054967929,-27.807690947586693,-9760.181268041802,8996.19950227274,0.0,-1660.837092174645,0.0,0.0,0.0,0.0,-4519.431054967929,-27.807690947586693,-2788.1236641825803,1330.647622983946,0.0,-0.0,0.0,0.0,0.0,0.0,-0.0,-0.0,-1330.647622983946
t349,7960.893691163381,0.0,-2895.8437335655512,0.0,0.0,0.0,0.0,4728.265425178185,-29.092631807489223,-9764.222750968527,8876.337986210248,0.0,-1329.8457091651612,0.0,0.0,0.0,0.0,-4728.265425178185,-29.092631807489223,-2789.1342200594136,1331.6579856437668,0.0,-0.0,0.0,0.0,0.0,0.0,-0.0,-0.0,-1331.6579856437668
t350,7888.642349237833,0.0,-2895.8437335655512,0.0,0.0,0.0,0.0,4838.579236063747,-29.7713836952925,-9801.606468040736,8716.96168463265,0.0,-1049.3712860458652,0.0,0.0,0.0,0.0,-4838.579236063747,-29.7713836952925,-2799.239778827745,1335.6994362830496,0.0,-0.0,0.0,0.0,0.0,0.0,-0.0,-0.0,-1335.6994362830496
t351,7433.458895106874,0.0,-2895.8437335655512,0.0,0.0,0.0,0.0,5219.317164027543,-32.1140331359126,-9724.818292432954,8807.387313785941,0.0,-777.938011208236,0.0,0.0,0.0,0.0,-5219.317164027543,-32.1140331359126,-2778.0181054142495,1325.5958096848422,0.0,-0.0,0.0,0.0,0.0,0.0,-0.0,-0.0,-1325.5958096848422
t352,5978.79854433916,0.0,-2895.8437335655512,0.0,0.0,0.0,0.0,6572.178644832202,-43.47668512116732,-9611.656770484644,8526.1528709161,0.0,-0.0,0.0,0.0,0.0,0.0,-5745.123278256941,-35.34927530356778,-2745.6803173555895,2145.6231461803904,0.0,-0.0,0.0,0.0,0.0,0.0,-827.0553665752602,-8.127409817599538,-1310.4403697875307
t353,4049.687714927008,0.0,-2895.8437335655512,0.0,0.0,0.0,0.0,8447.383089697872,-63.32736398742506,-9537.899707071905,8115.180775020362,0.0,-0.0,0.0,0.0,0.0,0.0,-5357.756293262958,-32.96583781530908,-2724.4586439420937,4420.325065796354,0.0,-0.0,0.0,0.0,0.0,0.0,-3089.626796434915,-30.361526172115976,-1300.336743189323
t354,1495.6027778588593,310.5936044969804,-0.0,0.0,0.0,0.0,0.0,7792.324138603107,-62.64155535040762,-9535.878965608543,6539.106088018775,0.0,-0.0,0.0,0.0,0.0,0.0,-3792.324138603107,-23.33386135040762,-2723.448088065261,5339.644437189323,0.0,-0.0,0.0,0.0,0.0,0.0,-4000.0,-39.307694,-1300.336743189323
t355,0.0,2425.1605490126176,-0.0,0.0,0.0,0.0,0.0,7242.725026080374,-59.259916803382914,-9608.6256582896,6007.347010362514,0.0,-0.0,0.0,0.0,0.0,0.0,-3242.7250260803744,-19.952222803382917,-2744.6697614787563,5349.74806378753,0.0,-0.0,0.0,0.0,0.0,0.0,-4000.0,-39.307694,-1310.4403697875307
t356,0.0,313.66983484062416,-0.0,0.0,0.0,0.0,0.0,9900.0,-75.60991315,-10138.059921690625,10519.943316904035,0.0,-1688.3985106271434,0.0,0.0,0.0,0.0,-5900.0,-36.30221915,-2895.242587126891,5421.483812634804,0.0,-0.0,0.0,0.0,0.0,0.0,-4000.0,-39.307694,-1382.1761186348049
t357,0.0,2895.8437335655512,-0.0,0.0,0.0,0.0,0.0,7066.999239466684,-58.17869036000049,-9904.664282672235,4915.874691245085,999.5519997143407,-0.0,0.0,0.0,0.0,0.0,-3066.999239466684,-18.87099636000049,-2829.5564551327384,5390.1625701803605,0.0,-0.0,0.0,0.0,0.0,0.0,-4000.0,-39.307694,-1350.854876180361
t358,0.0,2895.8437335655512,-0.0,0.0,0.0,0.0,0.0,6304.529778252082,-53.48727790640813,-9146.886233911226,3962.845474300496,968.1508294716139,-0.0,0.0,0.0,0.0,0.0,-2304.529778252082,-14.179583906408133,-2612.2869416136173,5286.095216218822,0.0,-0.0,0.0,0.0,0.0,0.0,-4000.0,-39.307694,-1246.7875222188225
t359,0.0,352.69104587891667,-0.0,0.0,0.0,0.0,0.0,7878.31660904574,-63.1706600126548,-8167.8369949120015,6235.55309466607,0.0,-0.0,0.0,0.0,0.0,0.0,-3878.3166090457394,-23.862966012654798,-2333.373519607676,5152.727345122481,0.0,-0.0,0.0,0.0,0.0,0.0,-4000.0,-39.307694,-1113.4196511224816
t360,0.0,0.0,-1796.8313788108846,0.0,0.0,0.0,0.0,9164.81518390771,-71.08638089414666,-7296.897424202681,7281.370644708587,0.0,-0.0,0.0,0.0,0.0,0.0,-5164.815183907711,-31.77868689414666,-2084.7767739067285,5033.504551263631,0.0,-0.0,0.0,0.0,0.0,0.0,-4000.0,-39.307694,-994.1968572636316
t361,0.0,0.0,-0.0,0.0,0.0,0.0,0.0,6774.18695821976,-48.1489974170394,-6726.03796080272,6965.63224003254,0.0,-0.0,0.0,0.0,0.0,0.0,-5013.716528987812,-30.848989184964896,-1921.0667218597628,2695.1797325812754,0.0,-0.0,0.0,0.0,0.0,0.0,-1760.4704292319473,-17.300008232074507,-917.4092951172535
t362,0.0,0.0,-2895.8437335655512,0.0,0.0,0.0,0.0,9396.505178037565,-70.66210805192904,-6429.9993364200855,8562.500848756805,0.0,-789.0080455241906,0.0,0.0,0.0,0.0,-5900.0,-36.30221915,-1837.1905840826137,7317.328753631438,0.0,-2909.468897967521,0.0,0.0,0.0,0.0,-3496.505178037565,-34.35988890192903,-876.994788724423
t363,0.0,0.0,-2895.8437335655512,0.0,0.0,0.0,0.0,9258.751433753669,-69.3084125450126,-6293.599287643104,8007.137908219899,0.0,-273.05678418377613,0.0,0.0,0.0,0.0,-5900.0,-36.30221915,-1797.778904886122,4249.555525336509,0.0,-0.0,0.0,0.0,0.0,0.0,-3358.7514337536677,-33.00619339501261,-857.7978981878284
t364,0.0,0.0,-0.0,0.0,0.0,0.0,0.0,6305.41267008588,-53.23858244171026,-6252.174087644169,4174.844669227699,0.0,-0.0,0.0,0.0,0.0,0.0,-2374.581826414068,-14.610608449506906,-1785.6522343641245,4821.194539892919,0.0,-0.0,0.0,0.0,0.0,0.0,-3930.8308436718116,-38.62797399220335,-851.7357222289039
t365,0.0,2488.504074322031,-0.0,0.0,0.0,0.0,0.0,4000.0,-39.307694,-6449.1963803220315,1275.9438673075385,566.2994961592409,-0.0,0.0,0.0,0.0,0.0,-0.0,-0.0,-1842.2433634667793,4918.323208044065,0.0,-0.0,0.0,0.0,0.0,0.0,-4000.0,-39.307694,-879.0155140440645
t366,0.0,2895.8437335655512,-0.0,0.0,0.0,0.0,0.0,4256.028492455519,-40.883016447756674,-7110.989209573313,631.3014659626153,1657.5196613752405,-0.0,0.0,0.0,0.0,0.0,-256.02849245551903,-1.5753224477566734,-2031.2173124345732,5008.245484768112,0.0,-0.0,0.0,0.0,0.0,0.0,-4000.0,-39.307694,-968.9377907681124
t367,0.0,2895.8437335655512,-0.0,0.0,0.0,0.0,0.0,5555.276454365199,-48.87718326867804,-8402.243004662072,181.84678374278627,3783.069367369756,-0.0,0.0,0.0,0.0,0.0,-1555.2764543651988,-9.569489268678039,-2400.0702074786623,5185.058950236746,0.0,-0.0,0.0,0.0,0.0,0.0,-4000.0,-39.307694,-1145.751256236746
t368,2178.377959055295,0.0,-618.867665919718,0.0,0.0,0.0,0.0,7654.219603837569,-61.79180940351485,-9151.938087569632,6291.011772608367,0.0,-0.0,0.0,0.0,0.0,0.0,-3654.2196038375687,-22.48411540351485,-2614.3080533672837,5287.105578878643,0.0,-0.0,0.0,0.0,0.0,0.0,-4000.0,-39.307694,-1247.7978848786433
t369,4659.007365165802,0.0,-1744.7575374012633,0.0,0.0,0.0,0.0,6469.69152699438,-48.11579402328166,-9335.825560735637,6901.065194562834,0.0,-0.0,0.0,0.0,0.0,0.0,-4208.314817505774,-25.8934180944554,-2666.856958962606,3556.6560367915954,0.0,-0.0,0.0,0.0,0.0,0.0,-2261.376709488606,-22.22237592882626,-1273.0569513741623
t370,6606.1810300593415,0.0,-2605.3031407233893,0.0,0.0,0.0,0.0,5468.3664917847045,-37.43360087529026,-9431.810780245365,7159.006099328405,0.0,-0.0,0.0,0.0,0.0,0.0,-4437.560185530887,-27.303946160416427,-2694.1419676371,2326.1172642607025,0.0,-0.0,0.0,0.0,0.0,0.0,-1030.8063062538172,-10.129654714873833,-1285.1813032920115
t371,8104.192185982386,0.0,-2895.8437335655512,0.0,0.0,0.0,0.0,4384.821081896136,-26.979446753988746,-9566.190087558984,8911.901293173845,0.0,-1767.5576735669604,0.0,0.0,0.0,0.0,-4384.821081896136,-26.979446753988746,-2732.543090956759,1304.378193828606,0.0,-0.0,0.0,0.0,0.0,0.0,-0.0,-0.0,-1304.378193828606
t372,8284.820540796258,0.0,-2895.8437335655512,0.0,0.0,0.0,0.0,4290.796320657449,-28.711898867939066,-9651.061229020217,9264.681266268703,0.0,-2045.1793919609438,0.0,0.0,0.0,0.0,-4435.4146971616665,-27.290745145337915,-2756.7964320007536,1172.2949603050172,0.0,-0.0,0.0,0.0,0.0,0.0,144.61837650421833,-1.4211537226011508,-1315.4921830866344
t373,8348.642559497159,0.0,-2895.8437335655512,0.0,0.0,0.0,0.0,4262.885679050513,-26.229188158014967,-9689.455316824107,10952.063702684673,0.0,-3895.036288830225,0.0,0.0,0.0,0.0,-4262.885679050513,-26.229188158014967,-2767.912546645918,1321.554359045559,0.0,-0.0,0.0,0.0,0.0,0.0,-0.0,-0.0,-1321.554359045559
t374,8265.553516282776,0.0,-2895.8437335655512,0.0,0.0,0.0,0.0,4423.752699539083,-27.218989824418966,-9766.24349243189,13722.076914741532,0.0,-6481.971005318615,0.0,0.0,0.0,0.0,-4423.752699539083,-27.218989824418966,-2789.1342200594136,1331.6579856437668,0.0,-0.0,0.0,0.0,0.0,0.0,-0.0,-0.0,-1331.6579856437668
t375,7827.228708601116,0.0,-2895.8437335655512,0.0,0.0,0.0,0.0,4838.358906397423,-29.770028024812476,-9739.973853408175,13458.537116334392,0.0,-5808.347852990574,0.0,0.0,0.0,0.0,-4838.358906397423,-29.770028024812476,-2782.060328921582,1327.6165350044837,0.0,-0.0,0.0,0.0,0.0,0.0,-0.0,-0.0,-1327.6165350044837
t376,6182.306490762789,0.0,-2895.8437335655512,0.0,0.0,0.0,0.0,6448.728575436678,-41.694532883080214,-9693.496799750834,10937.141413590607,0.0,-2231.9160919178566,0.0,0.0,0.0,0.0,-5900.0,-36.30221915,-2768.9231025227514,1875.675248215317,0.0,-0.0,0.0,0.0,0.0,0.0,-548.7285754366777,-5.3923137330802104,-1321.554359045559
t377,4095.4468981465225,0.0,-2895.8437335655512,0.0,0.0,0.0,0.0,8551.590401967707,-63.75899118793396,-9687.434575360745,8319.85992073191,0.0,-0.0,0.0,0.0,0.0,0.0,-5518.999972927896,-33.95795703492755,-2766.901990769085,4382.935459578556,0.0,-0.0,0.0,0.0,0.0,0.0,-3032.5904290398116,-29.801034153006405,-1320.5439963857382
t378,1481.1525094737494,1959.5662608227935,-0.0,0.0,0.0,0.0,0.0,6324.575319110144,-53.6106164855962,-9711.683472921097,5112.854123502657,0.0,-0.0,0.0,0.0,0.0,0.0,-2324.575319110144,-14.302922485596207,-2773.9758819069166,5362.8827783652005,0.0,-0.0,0.0,0.0,0.0,0.0,-4000.0,-39.307694,-1323.5750843652006
t379,0.0,2895.8437335655512,-0.0,0.0,0.0,0.0,0.0,6885.023194723464,-57.0590065877431,-9723.807921701273,4561.17594400389,1119.6166687215725,-0.0,0.0,0.0,0.0,0.0,-2885.0231947234647,-17.751312587743104,-2778.0181054142495,5364.903503684842,0.0,-0.0,0.0,0.0,0.0,0.0,-4000.0,-39.307694,-1325.5958096848422
t380,0.0,2895.8437335655512,-0.0,0.0,0.0,0.0,0.0,7402.485802401107,-60.242911839581126,-10238.086624127078,2405.291310409782,3942.6784173859623,-0.0,0.0,0.0,0.0,0.0,-3402.4858024011082,-20.93521783958112,-2924.548707555052,5435.628889872295,0.0,-0.0,0.0,0.0,0.0,0.0,-4000.0,-39.307694,-1396.3211958722954
t381,0.0,2895.8437335655512,-0.0,0.0,0.0,0.0,0.0,7232.709269037324,-59.19829066658122,-10069.354711936294,4376.5934987907885,1752.0483923801737,-0.0,0.0,0.0,0.0,0.0,-3232.709269037324,-19.890596666581228,-2876.042025467062,5411.3801860365975,0.0,-0.0,0.0,0.0,0.0,0.0,-4000.0,-39.307694,-1372.0724920365972
t382,0.0,2793.298569188913,-0.0,0.0,0.0,0.0,0.0,6598.835479176691,-55.29811689828262,-9336.835931467318,5281.682861037579,0.0,-0.0,0.0,0.0,0.0,0.0,-2598.8354791766906,-15.990422898282622,-2666.856958962606,5312.364645374162,0.0,-0.0,0.0,0.0,0.0,0.0,-4000.0,-39.307694,-1273.0569513741623
t383,0.0,2895.8437335655512,-0.0,0.0,0.0,0.0,0.0,5478.012882295454,-48.401786806714014,-8325.45482905429,3448.6402006702774,416.3047526202144,-0.0,0.0,0.0,0.0,0.0,-1478.0128822954537,-9.09409280671402,-2377.837978188333,5173.944960978718,0.0,-0.0,0.0,0.0,0.0,0.0,-4000.0,-39.307694,-1134.6372669787177
t384,0.0,1821.576022424477,-0.0,0.0,0.0,0.0,0.0,5677.5166997983315,-49.629317536248095,-7449.463404686564,3815.0584440682987,0.0,-0.0,0.0,0.0,0.0,0.0,-1677.5166997983313,-10.321623536248099,-2127.2201207337193,5054.722167119868,0.0,-0.0,0.0,0.0,0.0,0.0,-4000.0,-39.307694,-1015.4144731198676
t385,0.0,1606.271934955537,-0.0,0.0,0.0,0.0,0.0,5290.277924021159,-47.24666890885138,-6849.303190067844,3254.6530764789327,0.0,-0.0,0.0,0.0,0.0,0.0,-1290.2779240211594,-7.938974908851386,-1956.436177548922,4972.882791674385,0.0,-0.0,0.0,0.0,0.0,0.0,-4000.0,-39.307694,-933.5750976743857
t386,0.0,1986.7799259526828,-0.0,0.0,0.0,0.0,0.0,4588.19365599477,-42.926801627552855,-6532.046780319902,2457.2989122562644,0.0,-0.0,0.0,0.0,0.0,0.0,-588.1936559947704,-3.619107627552859,-1865.4861486339412,4929.437197302093,0.0,-0.0,0.0,0.0,0.0,0.0,-4000.0,-39.307694,-890.1295033020929
t387,0.0,948.1271321470656,-0.0,0.0,0.0,0.0,0.0,5448.250838382959,-48.21866337612701,-6348.159307153896,3270.0990507977053,0.0,-0.0,0.0,0.0,0.0,0.0,-1448.2508383829593,-8.910969376127019,-1812.9372430386188,4905.188493466394,0.0,-0.0,0.0,0.0,0.0,0.0,-4000.0,-39.307694,-865.8807994663946
t388,0.0,0.0,-1286.088107717445,0.0,0.0,0.0,0.0,7649.533336395876,-61.762975181876904,-6301.682253496555,5471.788634217542,0.0,-0.0,0.0,0.0,0.0,0.0,-3649.533336395876,-22.45528118187691,-1799.8000166397883,4898.115954847649,0.0,-0.0,0.0,0.0,0.0,0.0,-4000.0,-39.307694,-858.8082608476492
t389,0.0,567.4275749838293,-0.0,0.0,0.0,0.0,0.0,5949.23592080306,-51.301183757973675,-6465.362312028933,3808.5255534119783,0.0,-0.0,0.0,0.0,0.0,0.0,-1949.2359208030598,-11.993489757973682,-1847.296142850945,4921.354296023526,0.0,-0.0,0.0,0.0,0.0,0.0,-4000.0,-39.307694,-882.0466020235268
t390,0.0,2532.559279003053,-0.0,0.0,0.0,0.0,0.0,4603.262778107777,-43.019520707780735,-7092.802536403048,2633.1391378659655,0.0,-0.0,0.0,0.0,0.0,0.0,-603.2627781077775,-3.711826707780739,-2026.1645330504075,5006.224759448471,0.0,-0.0,0.0,0.0,0.0,0.0,-4000.0,-39.307694,-966.9170654484709
t391,4.816756128369917,264.7632362535438,-0.0,0.0,0.0,0.0,0.0,8169.33389746346,-64.96126567038002,-8373.952624174995,6586.973229597837,0.0,-0.0,0.0,0.0,0.0,0.0,-4169.333897463461,-25.65357167038003,-2391.985760463997,5181.017499597463,0.0,-0.0,0.0,0.0,0.0,0.0,-4000.0,-39.307694,-1141.7098055974632
t392,1877.3307010321753,420.67059177434317,-0.0,0.0,0.0,0.0,0.0,6888.790827189363,-57.08218852324373,-9129.709931472642,5513.79948394206,0.0,-0.0,0.0,0.0,0.0,0.0,-2888.7908271893634,-17.77449452324374,-2607.234162229452,5284.07449089918,0.0,-0.0,0.0,0.0,0.0,0.0,-4000.0,-39.307694,-1244.766796899181
t393,4432.619827132416,0.0,-2036.2618157001723,0.0,0.0,0.0,0.0,7088.713209804515,-58.31229464980058,-9426.758926586957,5800.849222214582,0.0,-0.0,0.0,0.0,0.0,0.0,-3088.713209804515,-19.004600649800583,-2693.131411760267,5324.488997292011,0.0,-0.0,0.0,0.0,0.0,0.0,-4000.0,-39.307694,-1285.1813032920115
t394,6155.814332056754,0.0,-2895.8437335655512,0.0,0.0,0.0,0.0,6400.223782495448,-49.547981233689185,-9610.646399752963,6399.713333932949,0.0,-0.0,0.0,0.0,0.0,0.0,-3632.6919151645757,-22.351657289616547,-2744.6697614787563,4105.168561062476,0.0,-0.0,0.0,0.0,0.0,0.0,-2767.5318673308734,-27.196323944072642,-1310.4403697875307
t395,9086.810436169848,0.0,-2895.8437335655512,0.0,0.0,0.0,0.0,3642.142910515324,-22.40980849375358,-9810.699804625869,9523.063309140836,0.0,-3056.2391436735147,0.0,0.0,0.0,0.0,-3642.142910515324,-22.40980849375358,-2802.271446458244,1336.7097989428705,0.0,-0.0,0.0,0.0,0.0,0.0,-0.0,-0.0,-1336.7097989428705
t396,8005.4486853508015,0.0,-2895.8437335655512,0.0,0.0,0.0,0.0,4854.22774983089,-29.867667725147857,-9933.965033890994,8104.482509148488,0.0,-382.74618944504556,0.0,0.0,0.0,0.0,-4854.22774983089,-29.867667725147857,-2837.6409021474033,1354.8963268196442,0.0,-0.0,0.0,0.0,0.0,0.0,-0.0,-0.0,-1354.8963268196442
t397,8147.542991137716,0.0,-2895.8437335655512,0.0,0.0,0.0,0.0,4744.802392886349,-29.19438242203468,-9967.307268036478,8456.164100232942,0.0,-835.4314198856571,0.0,0.0,0.0,0.0,-4744.802392886349,-29.19438242203468,-2846.7359050389014,1358.9377774589273,0.0,-0.0,0.0,0.0,0.0,0.0,-0.0,-0.0,-1358.9377774589273
t398,8247.49068080139,0.0,-2895.8437335655512,0.0,0.0,0.0,0.0,4701.166979051792,-28.925897276996878,-10023.888029010634,9700.892440951995,0.0,-2106.8842096781423,0.0,0.0,0.0,0.0,-4701.166979051792,-28.925897276996878,-2863.9153549450643,1367.0206787374934,0.0,-0.0,0.0,0.0,0.0,0.0,-0.0,-0.0,-1367.0206787374934
t399,7805.553306023451,0.0,-2895.8437335655512,0.0,0.0,0.0,0.0,5116.358240605222,-31.48053527124732,-9994.587277791874,12284.906309354019,0.0,-4282.2471814239825,0.0,0.0,0.0,0.0,-5116.358240605222,-31.48053527124732,-2854.8203520535662,1361.9688654383897,0.0,-0.0,0.0,0.0,0.0,0.0,-0.0,-0.0,-1361.9688654383897
t400,6166.6520333455865,0.0,-2895.8437335655512,0.0,0.0,0.0,0.0,6717.597124978757,-44.33668355098617,-9944.068741207806,10656.1036434511,0.0,-1879.128854523196,0.0,0.0,0.0,0.0,-5900.0,-36.30221915,-2840.672569777903,2181.5382788592074,0.0,-0.0,0.0,0.0,0.0,0.0,-817.5971249787561,-8.034464400986174,-1355.906689479465
t401,4066.5463613763027,0.0,-11.434669310529166,0.0,0.0,0.0,0.0,5900.0,-36.30221915,-9918.809472915773,9733.591158447922,0.0,-963.6902606578515,0.0,0.0,0.0,0.0,-5900.0,-36.30221915,-2833.598678640071,1351.865238840182,0.0,-0.0,0.0,0.0,0.0,0.0,-0.0,-0.0,-1351.865238840182
t402,1460.6812959281774,2043.049678931503,-0.0,0.0,0.0,0.0,0.0,6467.54807277937,-54.49031618664353,-9916.78873145241,5315.318817729251,0.0,-0.0,0.0,0.0,0.0,0.0,-2467.54807277937,-15.182622186643531,-2832.5881227632376,5391.172932840182,0.0,-0.0,0.0,0.0,0.0,0.0,-4000.0,-39.307694,-1351.865238840182
t403,0.0,2895.8437335655512,-0.0,0.0,0.0,0.0,0.0,7041.583590759531,-58.02230994488075,-9879.405014380201,2518.436699712561,3364.344070986767,-0.0,0.0,0.0,0.0,0.0,-3041.5835907595315,-18.71461594488075,-2822.4825639949067,5386.121119541078,0.0,-0.0,0.0,0.0,0.0,0.0,-4000.0,-39.307694,-1346.8134255410782
t404,0.0,2895.8437335655512,-0.0,0.0,0.0,0.0,0.0,7516.347908609157,-60.943496099317585,-10351.24814607539,3471.6206103333693,3022.2390401119806,-0.0,0.0,0.0,0.0,0.0,-3516.3479086091565,-21.635802099317587,-2955.8759397368785,5450.784329769607,0.0,-0.0,0.0,0.0,0.0,0.0,-4000.0,-39.307694,-1411.476635769607
t405,0.0,2895.8437335655512,-0.0,0.0,0.0,0.0,0.0,7338.438367659083,-59.84883319347937,-10174.433268031155,2308.9383485564804,3956.3998600681252,-0.0,0.0,0.0,0.0,0.0,-3338.4383676590837,-20.541139193479378,-2906.3587017720556,5426.535625933909,0.0,-0.0,0.0,0.0,0.0,0.0,-4000.0,-39.307694,-1387.2279319339086
t406,0.0,2895.8437335655512,-0.0,0.0,0.0,0.0,0.0,6616.633944375925,-55.407629404078605,-9457.070048537398,3943.6503004161973,1390.2994381387407,-0.0,0.0,0.0,0.0,0.0,-2616.6339443759257,-16.099935404078604,-2701.2158587749323,5328.5304479312945,0.0,-0.0,0.0,0.0,0.0,0.0,-4000.0,-39.307694,-1289.2227539312946
t407,0.0,2295.4049790589356,-0.0,0.0,0.0,0.0,0.0,6226.529844565535,-53.00735067142941,-8468.927472953043,4659.500270375455,0.0,-0.0,0.0,0.0,0.0,0.0,-2226.529844565535,-13.699656671429405,-2419.2707691384912,5193.141851515312,0.0,-0.0,0.0,0.0,0.0,0.0,-4000.0,-39.307694,-1153.8341575153122
t408,0.0,0.0,-0.0,0.0,0.0,0.0,0.0,7613.538729918556,-61.01751060049577,-7552.5212193180605,5935.797982389899,0.0,-0.0,0.0,0.0,0.0,0.0,-3756.160392460282,-23.11134876773613,-2156.52624116188,4924.844049648393,0.0,-0.0,0.0,0.0,0.0,0.0,-3857.378337458274,-37.906161832759636,-1029.5595503573584
t409,0.0,0.0,-605.4483563421653,0.0,0.0,0.0,0.0,7663.101763109424,-61.84646060561859,-6995.80694616164,5684.5200540909545,0.0,-0.0,0.0,0.0,0.0,0.0,-3663.1017631094232,-22.538766605618587,-1998.879524375913,4993.090044870801,0.0,-0.0,0.0,0.0,0.0,0.0,-4000.0,-39.307694,-953.782350870801
t410,0.0,0.0,-2895.8437335655512,0.0,0.0,0.0,0.0,9598.394106815076,-73.5080026882152,-6629.042370561311,7593.022780204644,0.0,-0.0,0.0,0.0,0.0,0.0,-5665.392921976808,-34.85870091940016,-1892.7711573084355,4874.914704486847,0.0,-0.0,0.0,0.0,0.0,0.0,-3933.001184838269,-38.64930176881503,-903.2642178797628
t411,0.0,2895.8437335655512,-0.0,0.0,0.0,0.0,0.0,3571.284989309248,-21.973825479493176,-6445.154897395306,116.94588839999466,5317.545733978701,-0.0,0.0,0.0,0.0,0.0,-3571.284989309248,-21.973825479493176,-1841.2328075899463,851.2935701573845,26.711581226859238,-0.0,0.0,0.0,0.0,0.0,-0.0,-0.0,-878.0051513842437
t412,0.0,0.0,-514.3951592876018,0.0,0.0,0.0,0.0,6952.35965217784,-57.47332232253859,-6380.4911705677,4792.557526430495,0.0,-0.0,0.0,0.0,0.0,0.0,-2952.3596521778395,-18.165628322538595,-1822.032245930117,4909.229944105677,0.0,-0.0,0.0,0.0,0.0,0.0,-4000.0,-39.307694,-869.9222501056777
t413,0.0,707.3288200925912,-0.0,0.0,0.0,0.0,0.0,5866.416224558967,-50.79160091678902,-6522.953443734769,3740.3546124791974,0.0,-0.0,0.0,0.0,0.0,0.0,-1866.4162245589669,-11.48390691678902,-1862.4544810034417,4928.426834642271,0.0,-0.0,0.0,0.0,0.0,0.0,-4000.0,-39.307694,-889.1191406422721
t414,0.0,193.3021602134619,-0.0,0.0,0.0,0.0,0.0,6998.683928004789,-57.75835181627333,-7134.227736401984,5055.425789393467,0.0,-0.0,0.0,0.0,0.0,0.0,-2998.6839280047893,-18.450657816273335,-2038.2912035724048,5012.2869354073955,0.0,-0.0,0.0,0.0,0.0,0.0,-4000.0,-39.307694,-972.9792414073955
t415,9.633512256739834,2895.8437335655512,-0.0,0.0,0.0,0.0,0.0,5545.5833009253365,-48.81754208555457,-8402.243004662072,3938.9943499927867,16.1690064967587,-0.0,0.0,0.0,0.0,0.0,-1545.5833009253363,-9.50984808555457,-2400.0702074786623,5185.058950236746,0.0,-0.0,0.0,0.0,0.0,0.0,-4000.0,-39.307694,-1145.751256236746
t416,2102.5140500334687,0.0,-580.8919639634104,0.0,0.0,0.0,0.0,7701.492010755284,-62.08267267057839,-9161.031424154764,6341.606710423645,0.0,-0.0,0.0,0.0,0.0,0.0,-3701.4920107552844,-22.77497867057839,-2617.339720997783,5288.115941538464,0.0,-0.0,0.0,0.0,0.0,0.0,-4000.0,-39.307694,-1248.808247538464
t417,4571.101565823051,0.0,-2895.8437335655512,0.0,0.0,0.0,0.0,7852.059451304883,-61.15389843985258,-9466.16338512253,7087.058743229615,0.0,-0.0,0.0,0.0,0.0,0.0,-4357.013424198518,-26.808348502499406,-2703.2369705285982,4819.624693634834,0.0,-0.0,0.0,0.0,0.0,0.0,-3495.0460271063653,-34.34554993735318,-1290.2331165911153
t418,6683.249128113261,0.0,-2895.8437335655512,0.0,0.0,0.0,0.0,5954.616643359988,-41.452643035095576,-9700.569394872602,7443.748399949626,0.0,-0.0,0.0,0.0,0.0,0.0,-4644.228625445477,-28.575560227733042,-2770.9442142764174,2645.8298224272535,0.0,-0.0,0.0,0.0,0.0,0.0,-1310.3880179145112,-12.87708280736253,-1322.5647217053797
t419,8217.38595499908,0.0,-2895.8437335655512,0.0,0.0,0.0,0.0,4647.078129843613,-28.593092996060168,-9940.027258281081,9899.600325704883,0.0,-2384.2670889641413,0.0,0.0,0.0,0.0,-4647.078129843613,-28.593092996060168,-2839.6620139010697,1354.8963268196442,0.0,-0.0,0.0,0.0,0.0,0.0,-0.0,-0.0,-1354.8963268196442
t420,8404.035254973413,0.0,-2895.8437335655512,0.0,0.0,0.0,0.0,4590.418029275173,-28.24446801506075,-10070.365082667975,9542.214761418523,0.0,-2047.510238661232,0.0,0.0,0.0,0.0,-4590.418029275173,-28.24446801506075,-2876.042025467062,1373.082854696418,0.0,-0.0,0.0,0.0,0.0,0.0,-0.0,-0.0,-1373.082854696418
t421,8428.119035615262,0.0,-2895.8437335655512,0.0,0.0,0.0,0.0,4600.750427917243,-28.308042421814918,-10104.71768754514,10482.352112097407,0.0,-2967.1460575229557,0.0,0.0,0.0,0.0,-4600.750427917243,-28.308042421814918,-2886.1475842353934,1377.1243053357011,0.0,-0.0,0.0,0.0,0.0,0.0,-0.0,-0.0,-1377.1243053357011
t422,8372.726340139008,0.0,-2895.8437335655512,0.0,0.0,0.0,0.0,4771.364792352792,-29.357818701116155,-10218.889580225134,10237.133212457704,0.0,-2516.9146732329164,0.0,0.0,0.0,0.0,-4771.364792352792,-29.357818701116155,-2919.495928170886,1393.2901078928332,0.0,-0.0,0.0,0.0,0.0,0.0,-0.0,-0.0,-1393.2901078928332
t423,7894.663294398294,0.0,-2895.8437335655512,0.0,0.0,0.0,0.0,5250.354279909435,-32.30500198040894,-10216.86883876177,10108.278700315363,0.0,-1907.1340461314662,0.0,0.0,0.0,0.0,-5250.354279909435,-32.30500198040894,-2918.485372294053,1392.2797452330126,0.0,-0.0,0.0,0.0,0.0,0.0,-0.0,-0.0,-1392.2797452330126
t424,6287.070936554835,0.0,-2895.8437335655512,0.0,0.0,0.0,0.0,6855.164249222631,-45.68854515704574,-10200.702907054869,9982.707069329945,0.0,-1132.9722572700548,0.0,0.0,0.0,0.0,-5900.0,-36.30221915,-2913.4325929098873,2355.8199578028684,0.0,-0.0,0.0,0.0,0.0,0.0,-955.1642492226312,-9.386326007045732,-1391.2693825731917
t425,4195.394587810199,0.0,-2895.8437335655512,0.0,0.0,0.0,0.0,8951.64620491667,-67.67045454503048,-10183.526604616285,8467.785574711086,0.0,-0.0,0.0,0.0,0.0,0.0,-5524.403997749306,-33.991207559225664,-2909.390369402555,4849.159748746898,0.0,-0.0,0.0,0.0,0.0,0.0,-3427.242207167363,-33.67924698580483,-1388.2382945937295
t426,1534.136826885819,468.0256080332646,-0.0,0.0,0.0,0.0,0.0,8206.13705291638,-65.18771248642467,-10143.111775349033,7129.2807702833625,0.0,-0.0,0.0,0.0,0.0,0.0,-4206.13705291638,-25.88001848642467,-2897.2636988805575,5421.483812634804,0.0,-0.0,0.0,0.0,0.0,0.0,-4000.0,-39.307694,-1382.1761186348049
t427,0.0,2895.8437335655512,-0.0,0.0,0.0,0.0,0.0,7200.177238692167,-58.99812373522795,-10037.02284852249,3314.9021311839783,2771.9125598189835,-0.0,0.0,0.0,0.0,0.0,-3200.177238692167,-19.69042973522795,-2866.947022575564,5407.338735397314,0.0,-0.0,0.0,0.0,0.0,0.0,-4000.0,-39.307694,-1368.031041397314
t428,0.0,2895.8437335655512,-0.0,0.0,0.0,0.0,0.0,7636.309770506921,-61.68161165868278,-10470.471892413789,4285.262269483384,2364.6668141082564,-0.0,0.0,0.0,0.0,0.0,-3636.309770506921,-22.373917658682785,-2991.2453954260377,5466.950132326739,0.0,-0.0,0.0,0.0,0.0,0.0,-4000.0,-39.307694,-1427.6424383267392
t429,0.0,2895.8437335655512,-0.0,0.0,0.0,0.0,0.0,7489.915633953715,-60.78086046759304,-10324.978507051674,4847.767491184249,1613.4339137129496,-0.0,0.0,0.0,0.0,0.0,-3489.9156339537153,-21.473166467593042,-2949.8126044758797,5446.742879130324,0.0,-0.0,0.0,0.0,0.0,0.0,-4000.0,-39.307694,-1407.435185130324
t430,0.0,1042.793417796859,-0.0,0.0,0.0,0.0,0.0,8646.866545137204,-67.89948513260579,-9621.760477801457,7424.170321255898,0.0,-0.0,0.0,0.0,0.0,0.0,-4646.8665451372035,-28.591791132605785,-2748.7119849860887,5350.758426447351,0.0,-0.0,0.0,0.0,0.0,0.0,-4000.0,-39.307694,-1311.4507324473514
t431,0.0,0.0,-1223.104048046702,0.0,0.0,0.0,0.0,9900.0,-75.60991315,-8601.286038803299,10765.011751005,0.0,-2372.0481952736814,0.0,0.0,0.0,0.0,-5900.0,-36.30221915,-2456.661336581317,5212.338742051907,0.0,-0.0,0.0,0.0,0.0,0.0,-4000.0,-39.307694,-1173.0310480519067
t432,0.0,0.0,-0.0,0.0,0.0,0.0,0.0,7752.52141000844,-54.506805328265074,-7698.014604680175,10655.597699937678,0.0,-2520.3258927988054,0.0,0.0,0.0,0.0,-5900.0,-36.30221915,-2198.969587988871,2920.4927997404784,0.0,-0.0,0.0,0.0,0.0,0.0,-1852.5214100084402,-18.204586178265075,-1049.7668035537736
t433,0.0,0.0,-2401.335550296519,0.0,0.0,0.0,0.0,9590.069176851084,-73.70293405452679,-7115.030692500038,7656.692285217016,0.0,-0.0,0.0,0.0,0.0,0.0,-5590.069176851083,-34.3952400545268,-2032.2278683114062,5009.255847427933,0.0,-0.0,0.0,0.0,0.0,0.0,-4000.0,-39.307694,-969.9481534279332
t434,0.0,0.0,-1948.626987744401,0.0,0.0,0.0,0.0,8770.605800991647,-68.66084268912881,-6753.317970558116,6728.099562678369,0.0,-0.0,0.0,0.0,0.0,0.0,-4770.605800991645,-29.353148689128812,-1928.1406129975946,4959.748077096716,0.0,-0.0,0.0,0.0,0.0,0.0,-4000.0,-39.307694,-920.4403830967158
t435,0.0,0.0,-0.0,0.0,0.0,0.0,0.0,6570.9004034843365,-42.895106091159704,-6528.005297393176,9115.820665902043,0.0,-1315.0428539949353,0.0,0.0,0.0,0.0,-5900.0,-36.30221915,-1864.475592757108,1567.6227937275885,0.0,-0.0,0.0,0.0,0.0,0.0,-670.9004034843359,-6.592886941159702,-890.1295033020929
t436,0.0,0.0,-2895.8437335655512,0.0,0.0,0.0,0.0,9423.035528788541,-70.92281977918702,-6456.268975443801,10210.158099139064,0.0,-2429.591404768617,0.0,0.0,0.0,0.0,-5900.0,-36.30221915,-1844.2644752204455,4437.682006121612,0.0,-0.0,0.0,0.0,0.0,0.0,-3523.03552878854,-34.620600629187024,-880.0258767038853
t437,0.0,0.0,-2146.955590370084,0.0,0.0,0.0,0.0,8810.551984353971,-68.90662829974326,-6594.689765684145,6722.816517193818,0.0,-0.0,0.0,0.0,0.0,0.0,-4810.551984353971,-29.59893429974326,-1882.6655985401042,10536.845390455288,0.0,-5599.325291874628,0.0,0.0,0.0,0.0,-4000.0,-39.307694,-898.212404580659
t438,0.0,0.0,-0.0,0.0,0.0,0.0,0.0,7218.85320067156,-49.26248866072957,-7169.59071201083,8045.512891885139,0.0,-60.813910394401205,0.0,0.0,0.0,0.0,-5900.0,-36.30221915,-2048.396762340736,2308.834162228968,0.0,-0.0,0.0,0.0,0.0,0.0,-1318.8532006715598,-12.960269510729566,-977.0206920466786
t439,0.0,1518.1970000533752,-0.0,0.0,0.0,0.0,0.0,6906.8869321135335,-57.19353238200959,-8367.890399784907,5314.737419205873,0.0,-0.0,0.0,0.0,0.0,0.0,-2906.886932113533,-17.885838382009602,-2389.964648710331,5180.007136937642,0.0,-0.0,0.0,0.0,0.0,0.0,-4000.0,-39.307694,-1140.6994429376423
t440,1549.791284303021,0.0,-2241.4403274853357,0.0,0.0,0.0,0.0,9900.0,-75.60991315,-9132.741043667686,8574.602542945993,0.0,-29.045049812873813,0.0,0.0,0.0,0.0,-5900.0,-36.30221915,-2609.255273983118,5284.07449089918,0.0,-0.0,0.0,0.0,0.0,0.0,-4000.0,-39.307694,-1244.766796899181
t441,3575.237236282571,1120.2483917069603,-1775.5953418585907,0.0,0.0,0.0,0.0,6555.676365480442,-42.74550063433434,-9432.821150977046,9416.019993108479,0.0,-785.5758063213782,0.0,0.0,0.0,0.0,-5900.0,-36.30221915,-2694.1419676371,1947.3009502567868,0.0,-0.0,0.0,0.0,0.0,0.0,-655.6763654804411,-6.443281484334336,-1285.1813032920115
t442,5257.4893141157645,0.0,-2895.8437335655512,0.0,0.0,0.0,0.0,7317.418575431256,-50.23108305824193,-9628.833072923228,8789.530798400969,0.0,-102.49548251121432,0.0,0.0,0.0,0.0,-5900.0,-36.30221915,-2750.733096739755,2743.8085344466695,0.0,-0.0,0.0,0.0,0.0,0.0,-1417.4185754312555,-13.928863908241924,-1312.4610951071722
t443,6712.14966488348,0.0,-2895.8437335655512,0.0,0.0,0.0,0.0,6020.7688001699025,-37.489004910456416,-9799.585726577374,10975.349597992295,0.0,-2239.807600014549,0.0,0.0,0.0,0.0,-5900.0,-36.30221915,-2799.239778827745,1457.6550222134078,0.0,-0.0,0.0,0.0,0.0,0.0,-120.76880016990191,-1.186785760456413,-1335.6994362830496
t444,7792.307226670434,0.0,-2895.8437335655512,0.0,0.0,0.0,0.0,4981.258938135259,-30.64928027374279,-9847.073150966398,8789.668540260536,0.0,-965.3833166249583,0.0,0.0,0.0,0.0,-4981.258938135259,-30.64928027374279,-2812.3770052265754,6941.086904116603,0.0,-5599.325291874628,0.0,0.0,0.0,0.0,-0.0,-0.0,-1341.7616122419743
t445,8414.872956262245,0.0,-2895.8437335655512,0.0,0.0,0.0,0.0,4276.558699066058,-26.31331713581948,-9769.274604626933,8554.296413804535,0.0,-1461.2796216664099,0.0,0.0,0.0,0.0,-4276.558699066058,-26.31331713581948,-2790.144775936247,1331.6579856437668,0.0,-0.0,0.0,0.0,0.0,0.0,-0.0,-0.0,-1331.6579856437668
t446,8497.961999476625,0.0,-2895.8437335655512,0.0,0.0,0.0,0.0,4216.337647457819,-25.942781913289693,-9792.513131455606,8677.446899117544,0.0,-1637.947802672364,0.0,0.0,0.0,0.0,-4216.337647457819,-25.942781913289693,-2797.2186670740784,1334.689073623229,0.0,-0.0,0.0,0.0,0.0,0.0,-0.0,-0.0,-1334.689073623229
t447,8045.186923409855,0.0,-2895.8437335655512,0.0,0.0,0.0,0.0,4581.436149733927,-28.189203242266647,-9702.590136335964,8675.409990487911,0.0,-1293.8298673584607,0.0,0.0,0.0,0.0,-4581.436149733927,-28.189203242266647,-2771.9547701532506,1322.5647217053797,0.0,-0.0,0.0,0.0,0.0,0.0,-0.0,-0.0,-1322.5647217053797
t448,6266.599723009262,0.0,-2895.8437335655512,0.0,0.0,0.0,0.0,6260.836940085246,-45.195427336345084,-9586.39750219261,7210.514169317631,0.0,-0.0,0.0,0.0,0.0,0.0,-4444.560723201713,-27.3470198981612,-2738.6064262177574,3140.523543469965,0.0,-0.0,0.0,0.0,0.0,0.0,-1816.2762168835334,-17.848407438183887,-1306.3989191482476
t449,4042.462580734453,0.0,-2895.8437335655512,0.0,0.0,0.0,0.0,8441.78414916329,-65.65885023550558,-9522.744146096686,7456.565850495922,0.0,-0.0,0.0,0.0,0.0,0.0,-4708.190871224904,-28.96911471309083,-2719.4058645579285,5068.599031330482,0.0,-0.0,0.0,0.0,0.0,0.0,-3733.5932779383857,-36.68973552241475,-1298.3160178696814
t450,1465.4980520565473,0.0,-1275.016111185725,0.0,0.0,0.0,0.0,9299.096250483884,-71.91260135288293,-9417.665590001825,8021.800901966536,0.0,-0.0,0.0,0.0,0.0,0.0,-5299.096250483884,-32.604907352882925,-2690.0997441297677,5323.47863463219,0.0,-0.0,0.0,0.0,0.0,0.0,-4000.0,-39.307694,-1284.1709406321909
t451,0.0,1292.9958597507011,-0.0,0.0,0.0,0.0,0.0,8002.697481002507,-63.935965380763726,-9231.757375372457,6664.876590917716,0.0,-0.0,0.0,0.0,0.0,0.0,-4002.6974810025067,-24.628271380763724,-2637.5508385344456,5298.219568136671,0.0,-0.0,0.0,0.0,0.0,0.0,-4000.0,-39.307694,-1258.9118741366717
t452,0.0,2895.8437335655512,-0.0,0.0,0.0,0.0,0.0,6778.277470153421,-56.40220884424018,-9617.718994874733,5187.173793156979,355.8996209499344,-0.0,0.0,0.0,0.0,0.0,-2778.2774701534213,-17.094514844240184,-2747.7014291092555,5350.758426447351,0.0,-0.0,0.0,0.0,0.0,0.0,-4000.0,-39.307694,-1311.4507324473514
t453,0.0,2895.8437335655512,-0.0,0.0,0.0,0.0,0.0,6599.351303255061,-55.301290721797166,-9439.893746098815,3663.297945394534,1649.2205898499294,-0.0,0.0,0.0,0.0,0.0,-2599.3513032550604,-15.993596721797173,-2697.1736352676,5326.509722611653,0.0,-0.0,0.0,0.0,0.0,0.0,-4000.0,-39.307694,-1287.202028611653
t454,0.0,2895.8437335655512,-0.0,0.0,0.0,0.0,0.0,6050.373291180547,-51.92347375521067,-8894.293550990888,4423.355939089788,180.1706062044457,-0.0,0.0,0.0,0.0,0.0,-2050.3732911805478,-12.615779755210676,-2540.5374743584657,5251.742885784915,0.0,-0.0,0.0,0.0,0.0,0.0,-4000.0,-39.307694,-1212.4351917849165
t455,0.0,1425.537105756219,-0.0,0.0,0.0,0.0,0.0,6787.645661670424,-56.45985056313668,-8156.722916863506,5134.129114333904,0.0,-0.0,0.0,0.0,0.0,0.0,-2787.6456616704236,-17.15215656313669,-2329.3312961003435,10750.031911677468,0.0,-5599.325291874628,0.0,0.0,0.0,0.0,-4000.0,-39.307694,-1111.3989258028403
t456,0.0,540.8670031535206,-0.0,0.0,0.0,0.0,0.0,6892.957534787494,-57.107825935508366,-7376.716712005506,5017.76666992006,0.0,-0.0,0.0,0.0,0.0,0.0,-2892.9575347874943,-17.800131935508368,-2107.009003197057,5044.618540521659,0.0,-0.0,0.0,0.0,0.0,0.0,-4000.0,-39.307694,-1005.31084652166
t457,0.0,0.0,-2855.938518360675,0.0,0.0,0.0,0.0,9716.066537880752,-74.47818554815743,-6785.649833971919,7689.483201194835,0.0,-0.0,0.0,0.0,0.0,0.0,-5716.066537880751,-35.17049154815743,-1938.2461717659257,4963.7895277359985,0.0,-0.0,0.0,0.0,0.0,0.0,-4000.0,-39.307694,-924.4818337359989
t458,0.0,0.0,-2895.8437335655512,0.0,0.0,0.0,0.0,9383.24000266208,-70.53175218830005,-6416.864516908228,10607.172588176638,0.0,-2838.7325643281897,0.0,0.0,0.0,0.0,-5900.0,-36.30221915,-1832.1378046984482,4392.443599105161,0.0,-0.0,0.0,0.0,0.0,0.0,-3483.2400026620794,-34.22953303830005,-874.9740634047814
t459,0.0,0.0,-2895.8437335655512,0.0,0.0,0.0,0.0,9170.997196654296,-68.44605837023623,-6206.707404718508,10840.770520900764,0.0,-3131.9532937854683,0.0,0.0,0.0,0.0,-5900.0,-36.30221915,-1772.515007965294,4149.8249448043325,0.0,-0.0,0.0,0.0,0.0,0.0,-3270.9971966542957,-32.143839220236224,-846.6839089298
t460,0.0,0.0,-2895.8437335655512,0.0,0.0,0.0,0.0,9058.753405015563,-67.34304721645246,-6095.56662423356,8410.40862207011,0.0,-732.918627136641,0.0,0.0,0.0,0.0,-5900.0,-36.30221915,-1741.1877757834673,4021.322702114505,0.0,-0.0,0.0,0.0,0.0,0.0,-3158.7534050155637,-31.040828066452463,-831.5284690324886
t461,0.0,0.0,-0.0,0.0,0.0,0.0,0.0,6144.373995257156,-38.703663706781434,-6105.670331550374,8124.253260888188,0.0,-443.7315983242218,0.0,0.0,0.0,0.0,-5900.0,-36.30221915,-1744.2194434139667,1078.3039088464252,0.0,-0.0,0.0,0.0,0.0,0.0,-244.37399525715526,-2.4014445567814273,-831.5284690324886
t462,0.0,0.0,-1363.2127400153563,0.0,0.0,0.0,0.0,7728.256687856977,-54.26835775993389,-6310.7755900816865,9598.040653527989,0.0,-1859.9173059845332,0.0,0.0,0.0,0.0,-5900.0,-36.30221915,-1801.8211283934545,2706.04144997438,0.0,-0.0,0.0,0.0,0.0,0.0,-1828.2566878569767,-17.96613860993389,-859.81862350747
t463,0.0,1477.6163473163201,-0.0,0.0,0.0,0.0,0.0,5287.108915621468,-35.65618994002712,-6729.069072997764,6385.90255946273,0.0,-0.0,0.0,0.0,0.0,0.0,-4436.527688436192,-27.297593289941286,-1922.077277736596,1776.3491189526153,0.0,-0.0,0.0,0.0,0.0,0.0,-850.5812271852759,-8.358596650085829,-917.4092951172535
t464,2024.2417629474576,737.8388305038062,-0.0,0.0,0.0,0.0,0.0,4496.811246300503,-27.66851310837042,-7231.223326643393,6590.055971655773,0.0,-0.0,0.0,0.0,0.0,0.0,-4496.811246300503,-27.66851310837042,-2065.576212246899,586.7345167005722,398.36907662467246,-0.0,0.0,0.0,0.0,0.0,-0.0,-0.0,-985.1035933252447
t465,3943.71908010287,0.0,-2093.9155068956265,0.0,0.0,0.0,0.0,6107.826738319871,-38.34451660872389,-7919.28579491839,8486.77999980399,0.0,-287.84317242462976,0.0,0.0,0.0,0.0,-5900.0,-36.30221915,-2262.6346082293576,1289.9467191269912,0.0,-0.0,0.0,0.0,0.0,0.0,-207.8267383198707,-2.0422974587238882,-1080.0776833483965
t466,5659.688450834652,0.0,-2895.8437335655512,0.0,0.0,0.0,0.0,5682.455308370399,-34.96368439229543,-8411.336341247204,9409.997910636886,0.0,-1289.4770427650296,0.0,0.0,0.0,0.0,-5682.455308370399,-34.96368439229543,-2403.1018751091615,1146.761618896567,0.0,-0.0,0.0,0.0,0.0,0.0,-0.0,-0.0,-1146.761618896567
t467,5134.662032842332,0.0,-2505.9565490724194,0.0,0.0,0.0,0.0,6038.934000813916,-40.08380675681497,-8627.555677827013,7739.328416586419,0.0,-0.0,0.0,0.0,0.0,0.0,-5242.327022073274,-32.25561091716455,-2464.7457835959817,1980.4973106116622,0.0,-0.0,0.0,0.0,0.0,0.0,-796.6069787406427,-7.828195839650424,-1176.062136031369
t468,5369.478894100365,0.0,-2895.8437335655512,0.0,0.0,0.0,0.0,6235.920828939646,-41.58548238019216,-8667.970507094267,7869.325654711914,0.0,-0.0,0.0,0.0,0.0,0.0,-5360.481152816701,-32.982603654067205,-2475.8618982411463,2066.1668668393636,0.0,-0.0,0.0,0.0,0.0,0.0,-875.4396761229455,-8.602878726124962,-1182.1243119902936
t469,5821.049781135045,0.0,-2234.561395052795,0.0,0.0,0.0,0.0,5019.464063062323,-34.97753229171464,-8570.974916852858,7756.6477536661505,0.0,-0.0,0.0,0.0,0.0,0.0,-5275.610462883628,-32.46040121587024,-2448.576889566652,914.3499660073412,0.0,-0.0,0.0,0.0,0.0,0.0,256.14639982130626,-2.51713107584439,-1167.979234752803
t470,7590.003469278897,0.0,-2895.8437335655512,0.0,0.0,0.0,0.0,3731.465063320967,-26.41290656728339,-8399.211892467029,10726.74357321407,0.0,-4355.813297331158,0.0,0.0,0.0,0.0,-3947.5814771798864,-24.28914710119745,-2399.059651601829,930.7482391840921,0.0,-0.0,0.0,0.0,0.0,0.0,216.1164138589193,-2.1237594660859394,-1144.7408935769254
t471,4722.829383866704,0.0,-1927.9897215133233,0.0,0.0,0.0,0.0,5504.674907456863,-39.733838315241684,-8259.780731495002,8266.403756368387,0.0,-0.0,0.0,0.0,0.0,0.0,-5871.638625913188,-36.12771392669584,-2358.637416528504,763.1967716323729,0.0,-0.0,0.0,0.0,0.0,0.0,366.9637184563247,-3.606124388545841,-1126.5543657001517
t472,4248.378905222266,0.0,-672.6954720548631,0.0,0.0,0.0,0.0,4646.244774775106,-28.831944738475364,-8193.096263204034,6948.464647696904,0.0,-0.0,0.0,0.0,0.0,0.0,-4579.837867807562,-28.1793691438337,-2340.447410745508,1184.5205843239494,0.0,-0.0,0.0,0.0,0.0,0.0,-66.4069069675432,-0.652575594641664,-1117.4611017617647
t473,2639.582358346715,2327.0724839485065,-0.0,0.0,0.0,0.0,0.0,3305.7079902081255,-21.675437593489228,-8250.687394909872,5316.876817236001,0.0,-0.0,0.0,0.0,0.0,0.0,-2942.157656188485,-18.102856272678768,-2356.6163047748378,1491.6565557209615,0.0,-0.0,0.0,0.0,0.0,0.0,-363.55033401964096,-3.572581320810459,-1124.5336403805102
t474,1003.0894637330352,2895.8437335655512,-0.0,0.0,0.0,0.0,0.0,4593.946569832535,-33.045630763210845,-8459.83413636791,2834.713005597381,2894.8512671685467,-0.0,0.0,0.0,0.0,0.0,-3293.063221639839,-20.261949618097365,-2416.239101507992,2466.490824193301,0.0,-0.0,0.0,0.0,0.0,0.0,-1300.883348192696,-12.783681145113485,-1152.8237948554915
t475,0.0,2895.8437335655512,-0.0,0.0,0.0,0.0,0.0,5821.141864242965,-44.97360778752287,-8672.011990020992,3281.1013389635705,2545.1296716516063,-0.0,0.0,0.0,0.0,0.0,-3328.8762522207044,-20.482304276499438,-2476.872454117979,3698.8812275235773,0.0,-0.0,0.0,0.0,0.0,0.0,-2492.2656120222605,-24.491303511023435,-1182.1243119902936
t476,0.0,2895.8437335655512,-0.0,0.0,0.0,0.0,0.0,6169.336523463453,-47.62147677299057,-9017.558780256013,4491.770510804372,1645.4093590718896,-0.0,0.0,0.0,0.0,0.0,-3539.4947173018936,-21.778222526739093,-2575.906930047625,3884.28605474986,0.0,-0.0,0.0,0.0,0.0,0.0,-2629.84180616156,-25.843254246251476,-1228.6009943420488
t477,0.0,2895.8437335655512,-0.0,0.0,0.0,0.0,0.0,6001.861999196615,-45.84775250189314,-8851.857980260273,1671.4194263860568,4453.308442350048,-0.0,0.0,0.0,0.0,0.0,-3574.3245373288973,-21.99252757073491,-2528.4108038364684,3658.7760652846887,0.0,-0.0,0.0,0.0,0.0,0.0,-2427.5374618677174,-23.85522493115823,-1207.3833784858127
t478,0.0,2895.8437335655512,-0.0,0.0,0.0,0.0,0.0,5550.150015528842,-46.781856627363446,-8399.211892467029,1825.877344246635,2698.0525097392733,-0.0,0.0,0.0,0.0,0.0,-2111.876001464968,-12.994200919119827,-2399.059651601829,4616.802563349043,0.0,-0.0,0.0,0.0,0.0,0.0,-3438.274014063875,-33.78765570824362,-1144.7408935769254
t479,0.0,2895.8437335655512,-0.0,0.0,0.0,0.0,0.0,4936.621843875479,-43.51760690953382,-7788.947970531496,1869.8657688085566,1723.075701285754,-0.0,0.0,0.0,0.0,0.0,-1359.3335606945163,-8.363868613268162,-2225.244040786532,4674.333176948851,0.0,-0.0,0.0,0.0,0.0,0.0,-3577.2882831809625,-35.15373829626566,-1061.8911554716228
t480,0.0,2895.8437335655512,-0.0,0.0,0.0,0.0,0.0,4297.681935664604,-33.02829380445509,-7160.497375425699,2298.4627064669803,2266.665092082193,-0.0,0.0,0.0,0.0,0.0,-2505.357996152127,-15.415263563647349,-2044.3545388334035,2785.947299140142,0.0,-0.0,0.0,0.0,0.0,0.0,-1792.3239395124765,-17.61303024080774,-976.0103293868578
t481,0.0,2895.8437335655512,-0.0,0.0,0.0,0.0,0.0,3773.3522262549322,-30.049881942359818,-6639.146077878124,3448.854469441146,373.3292352845285,-0.0,0.0,0.0,0.0,0.0,-1913.596122923647,-11.774200986265182,-1896.813380815768,2783.316727486784,0.0,-0.0,0.0,0.0,0.0,0.0,-1859.7561033312852,-18.275680956094636,-905.2849431994043
t482,0.0,829.8682917923077,-0.0,0.0,0.0,0.0,0.0,5509.174675869248,-43.422938555083306,-6295.620029106467,4732.241404950665,0.0,-0.0,0.0,0.0,0.0,0.0,-2916.5174061606053,-17.945093903937604,-1797.778904886122,3475.9330125476176,0.0,-0.0,0.0,0.0,0.0,0.0,-2592.657269708643,-25.477844651145706,-857.7978981878284
t483,0.0,872.3906342253673,-0.0,0.0,0.0,0.0,0.0,5291.215958473367,-41.770329441451715,-6121.836263257275,4548.738265601736,0.0,-0.0,0.0,0.0,0.0,0.0,-2783.3508676349747,-17.125731045462288,-1748.2616669212991,3367.0692462463326,0.0,-0.0,0.0,0.0,0.0,0.0,-2507.865090838392,-24.644598395989433,-834.5595570119509
t484,0.0,1731.7209460325719,-0.0,0.0,0.0,0.0,0.0,4339.395657473999,-34.15148171052234,-6036.965121796042,4049.447325760502,0.0,-0.0,0.0,0.0,0.0,0.0,-2311.218262279679,-14.220737603518492,-1724.0083258773043,2870.5433443954253,0.0,-0.0,0.0,0.0,0.0,0.0,-2028.1773951943194,-19.930744107003846,-822.4352050941018
t485,0.0,2895.8437335655512,-0.0,0.0,0.0,0.0,0.0,3181.720417425633,-26.4538389516027,-6051.110312039581,2778.0987587424224,268.95082024380656,-0.0,0.0,0.0,0.0,0.0,-1309.9285898704702,-8.059883854292929,-1729.0611052614697,2715.6520757260364,0.0,-0.0,0.0,0.0,0.0,0.0,-1871.7918275551626,-18.393955097309775,-825.466293073564
t486,0.0,2895.8437335655512,-0.0,0.0,0.0,0.0,0.0,3319.842715740908,-26.155347026533317,-6189.531102279925,1371.5157123230438,2167.3903454382917,-0.0,0.0,0.0,0.0,0.0,-1760.610933595581,-10.832895584622522,-1767.4622285811283,2418.2070545375755,0.0,-0.0,0.0,0.0,0.0,0.0,-1559.231782145327,-15.322451441910795,-843.6528209503377
t487,0.0,2895.8437335655512,-0.0,0.0,0.0,0.0,0.0,3643.6129743105566,-25.59660072647154,-6513.860107149637,684.2728517416156,3971.943266191175,-0.0,0.0,0.0,0.0,0.0,-2778.685721899063,-17.0970267839586,-1860.4333692497755,1760.5252416766373,0.0,-0.0,0.0,0.0,0.0,0.0,-864.9272524114937,-8.499573942512939,-887.0984153226306
t488,581.6233025006675,2895.8437335655512,-0.0,0.0,0.0,0.0,0.0,3504.0791626963783,-29.18519406325497,-6952.361004699342,162.31414311908748,3260.938783581746,-0.0,0.0,0.0,0.0,0.0,-1428.7198320378961,-8.790796685862865,-1985.7422979770824,3043.4739029477505,0.0,-0.0,0.0,0.0,0.0,0.0,-2075.359330658482,-20.394397377392107,-947.7201749118765
t489,1660.576675255529,2895.8437335655512,-0.0,0.0,0.0,0.0,0.0,3115.1232213810645,-25.057932837717548,-7646.485697364426,1981.9145635149723,1722.9395133897408,-0.0,0.0,0.0,0.0,0.0,-1511.7412066308407,-9.301620437491222,-2183.8112498363744,2660.8222294256575,0.0,-0.0,0.0,0.0,0.0,0.0,-1603.382014750224,-15.756312400226323,-1041.6839022752074
t490,2744.34680413876,2895.8437335655512,-0.0,0.0,0.0,0.0,0.0,2625.9800304135233,-21.545397598052332,-8244.625170519783,3017.0512733977616,504.1504254990201,-0.0,0.0,0.0,0.0,0.0,-1159.4723668990757,-7.1341389765321095,-2354.595193021172,2604.4421998566577,0.0,-0.0,0.0,0.0,0.0,0.0,-1466.507663514448,-14.41125862152022,-1123.5232777206893
t491,3180.263233756238,2129.3457354385678,-0.0,0.0,0.0,0.0,0.0,3337.200263972541,-28.346891925469187,-8618.46234124188,3679.6996656470337,0.0,-0.0,0.0,0.0,0.0,0.0,-1210.537212869548,-7.44833681200348,-2461.7141159654825,3322.6133795880073,0.0,-0.0,0.0,0.0,0.0,0.0,-2126.663051102993,-20.898555113465704,-1175.0517733715483
t492,3587.2791266034956,1313.967676485377,-0.0,0.0,0.0,0.0,0.0,3970.188612143971,-32.71225448443568,-8838.723160748414,4250.34989118658,0.0,-0.0,0.0,0.0,0.0,0.0,-1715.4264318296503,-10.554879027793644,-2524.368580329136,3481.271846277314,0.0,-0.0,0.0,0.0,0.0,0.0,-2254.762180314321,-22.15737545664204,-1204.3522905063505
t493,4176.127563296718,0.0,-0.0,0.0,0.0,0.0,0.0,4774.798574369846,-37.43554277373189,-8913.490594892834,5143.410441904859,0.0,-0.0,0.0,0.0,0.0,0.0,-2581.933760163542,-15.88642799868482,-2545.5902537426314,3428.8698460859096,0.0,-0.0,0.0,0.0,0.0,0.0,-2192.864814206305,-21.54911477504707,-1214.455917104558
t494,4388.064832944995,0.0,-807.3870821641873,0.0,0.0,0.0,0.0,5285.103816184454,-41.20359646038566,-8824.577970504875,5459.558053020808,0.0,-0.0,0.0,0.0,0.0,0.0,-2921.2574372699637,-17.97425892904095,-2520.3263568218035,3590.417644292365,0.0,-0.0,0.0,0.0,0.0,0.0,-2363.8463789144907,-23.229337531344715,-1203.3419278465296
t495,4172.514996200441,0.0,-1320.5356749367752,0.0,0.0,0.0,0.0,5920.680111006834,-47.097793470396326,-8725.561638800104,5527.540461350896,0.0,-0.0,0.0,0.0,0.0,0.0,-3016.946642271674,-18.563026808746265,-2492.030792270476,4121.465086005849,0.0,-0.0,0.0,0.0,0.0,0.0,-2903.73346873516,-28.53476666165006,-1189.196850609039
t496,3901.572463979633,723.0685973211166,-0.0,0.0,0.0,0.0,0.0,4064.8906188107176,-31.66488033401624,-8657.866799777454,4740.502154222701,0.0,-0.0,0.0,0.0,0.0,0.0,-2253.8044485253404,-13.867475086713865,-2472.8302306106466,3008.9871622033315,0.0,-0.0,0.0,0.0,0.0,0.0,-1811.0861702853772,-17.797405247302375,-1180.103586670652
t497,2558.9016931965184,2895.8437335655512,-0.0,0.0,0.0,0.0,0.0,3353.988521710807,-28.612290161980262,-8780.121658310896,3520.0162360774616,178.66789520551492,-0.0,0.0,0.0,0.0,0.0,-1183.2042854459733,-7.280159537199809,-2508.199686299806,3389.3961187772197,0.0,-0.0,0.0,0.0,0.0,0.0,-2170.7842362648344,-21.33213062478045,-1197.279751887605
t498,810.4192185982386,2895.8437335655512,-0.0,0.0,0.0,0.0,0.0,5361.141553355406,-41.762759409733185,-9025.641746109462,1032.187484260045,4536.472226754311,-0.0,0.0,0.0,0.0,0.0,-2972.4424729311913,-18.289196281884077,-2577.9280418012913,3642.7943632137553,0.0,-0.0,0.0,0.0,0.0,0.0,-2388.6990804242155,-23.473563127849115,-1230.6217196616903
t499,0.0,2895.8437335655512,-0.0,0.0,0.0,0.0,0.0,6382.382260749717,-48.489360406171826,-9229.736633909095,36.107882554007396,6497.372320405344,-0.0,0.0,0.0,0.0,0.0,-3873.1089963058525,-23.830923995886714,-2636.5402826576124,3508.894253908243,283.94932108257535,-0.0,0.0,0.0,0.0,0.0,-2509.2732644438634,-24.658436410285116,-1258.9118741366717
t500,0.0,2895.8437335655512,-0.0,0.0,0.0,0.0,0.0,6769.215965444999,-51.38218706254234,-9613.677511948006,394.06327098889477,6497.372320405344,-0.0,0.0,0.0,0.0,0.0,-4120.402771597834,-25.352502440815588,-2745.6803173555895,3775.213493739626,211.08011717660588,-0.0,0.0,0.0,0.0,0.0,-2648.8131938471647,-26.02968462172676,-1311.4507324473514
t501,0.0,2895.8437335655512,-0.0,0.0,0.0,0.0,0.0,6573.7465085904205,-50.91428142246587,-9418.675960733506,2084.3012379588095,4353.650758930326,-0.0,0.0,0.0,0.0,0.0,-3724.933043325823,-22.919209433540757,-2690.0997441297677,4160.979477885713,0.0,-0.0,0.0,0.0,0.0,0.0,-2848.813465264597,-27.99507198892511,-1284.1709406321909
t502,0.0,2895.8437335655512,-0.0,0.0,0.0,0.0,0.0,5913.224228097436,-46.12260579067315,-8762.945355872313,5090.263837763685,695.3898774917981,-0.0,0.0,0.0,0.0,0.0,-3262.4333219979007,-20.07348634193734,-2503.1469069156406,3871.0886894564137,0.0,-0.0,0.0,0.0,0.0,0.0,-2650.790906099535,-26.04911944873581,-1194.2486639081428
t503,0.0,2073.7547483542976,-0.0,0.0,0.0,0.0,0.0,5949.372347793645,-51.302023182127954,-7971.825072965819,4239.159623357627,0.0,-0.0,0.0,0.0,0.0,0.0,-1949.372347793645,-11.994329182127952,-2277.7929463818546,5125.447553307321,0.0,-0.0,0.0,0.0,0.0,0.0,-4000.0,-39.307694,-1086.139859307321
t504,0.0,0.0,-2452.498240123038,0.0,0.0,0.0,0.0,9765.576981158747,-74.78281927054582,-7238.295921765162,7868.649430429858,0.0,-0.0,0.0,0.0,0.0,0.0,-5765.576981158746,-35.4751252705458,-2067.597324000565,5026.432012644886,0.0,-0.0,0.0,0.0,0.0,0.0,-4000.0,-39.307694,-987.1243186448862
t505,0.0,0.0,-0.0,0.0,0.0,0.0,0.0,6691.307379969522,-44.07833623794592,-6647.229043731575,10845.696474163853,0.0,-3010.5597624444194,0.0,0.0,0.0,0.0,-5900.0,-36.30221915,-1898.8344925694341,1705.3788029166922,0.0,-0.0,0.0,0.0,0.0,0.0,-791.3073799695211,-7.7761170879459165,-906.2953058592251
t506,0.0,0.0,-0.0,0.0,0.0,0.0,0.0,6466.819796692058,-41.87231393037841,-6424.947482761679,11084.963906604924,0.0,-3313.4922151259757,0.0,0.0,0.0,0.0,-5900.0,-36.30221915,-1835.1694723289474,1448.374317537038,0.0,-0.0,0.0,0.0,0.0,0.0,-566.8197966920575,-5.570094780378402,-875.9844260646022
t507,0.0,0.0,-0.0,0.0,0.0,0.0,0.0,6383.147152015912,-41.050069252103235,-6342.097082763808,11146.683738256615,0.0,-3398.4548319448286,0.0,0.0,0.0,0.0,-5900.0,-36.30221915,-1811.9266871617858,1352.7654389245884,0.0,-0.0,0.0,0.0,0.0,0.0,-483.1471520159114,-4.747850102103231,-864.8704368065738
t508,0.0,0.0,-2895.8437335655512,0.0,0.0,0.0,0.0,9312.83253336142,-69.83986337365387,-6347.148936422215,11097.734656819139,0.0,-3348.4951946305196,0.0,0.0,0.0,0.0,-5900.0,-36.30221915,-1812.9372430386188,4311.240614391648,0.0,-0.0,0.0,0.0,0.0,0.0,-3412.83253336142,-33.53764422365387,-864.8704368065738
t509,0.0,0.0,-0.0,0.0,0.0,0.0,0.0,6621.920308774669,-43.39647479742505,-6578.523833977243,11090.29434340537,0.0,-3275.368749222597,0.0,0.0,0.0,0.0,-5900.0,-36.30221915,-1878.6233750327717,1626.2166063429318,0.0,-0.0,0.0,0.0,0.0,0.0,-721.9203087746685,-7.0942556474250456,-897.2020419208383
t510,0.0,0.0,-2511.3267309404173,0.0,0.0,0.0,0.0,9900.0,-75.60991315,-7313.063355909582,8025.121216564061,0.0,-0.0,0.0,0.0,0.0,0.0,-5900.0,-36.30221915,-2088.818997414061,5036.535639243094,0.0,-0.0,0.0,0.0,0.0,0.0,-4000.0,-39.307694,-997.2279452430938
t511,535.8641192811533,0.0,-0.0,0.0,0.0,0.0,0.0,8034.800405286386,-57.280739420518316,-8513.383785147022,8367.699658810488,0.0,-0.0,0.0,0.0,0.0,0.0,-5900.0,-36.30221915,-2431.397439660489,3316.6856216909623,0.0,-0.0,0.0,0.0,0.0,0.0,-2134.8004052863866,-20.978520270518317,-1160.9066961340575
t512,2587.802229966738,0.0,-0.0,0.0,0.0,0.0,0.0,6777.796023313383,-44.92825351970483,-9320.669999760416,10639.442991772845,0.0,-2040.3260371675701,0.0,0.0,0.0,0.0,-5900.0,-36.30221915,-2662.8147354552734,2156.447921077787,0.0,-0.0,0.0,0.0,0.0,0.0,-877.7960233133822,-8.626034369704826,-1270.0258633947
t513,4662.61993226208,0.0,-919.7127962858405,0.0,0.0,0.0,0.0,5900.0,-36.30221915,-9606.604916826238,15177.33374515727,0.0,-6497.372320405344,0.0,0.0,0.0,0.0,-5900.0,-36.30221915,-2743.659205601923,1310.4403697875307,0.0,-0.0,0.0,0.0,0.0,0.0,-0.0,-0.0,-1310.4403697875307
t514,6250.94526559206,0.0,-2386.793641814061,0.0,0.0,0.0,0.0,5900.0,-36.30221915,-9727.849404628,15211.692644969595,0.0,-6497.372320405344,0.0,0.0,0.0,0.0,-5900.0,-36.30221915,-2778.0181054142495,1325.5958096848422,0.0,-0.0,0.0,0.0,0.0,0.0,-0.0,-0.0,-1325.5958096848422
t515,7422.621193818042,0.0,-2895.8437335655512,0.0,0.0,0.0,0.0,5342.050815958865,-32.8692032934534,-9835.959072917904,14681.637677253739,0.0,-6497.372320405344,0.0,0.0,0.0,0.0,-5342.050815958865,-32.8692032934534,-2809.345337596076,1341.7616122419743,0.0,-0.0,0.0,0.0,0.0,0.0,-0.0,-0.0,-1341.7616122419743
t516,7338.327961571569,0.0,-2895.8437335655512,0.0,0.0,0.0,0.0,5427.882534505955,-33.39731886238858,-9836.969443649585,8270.62519096442,0.0,-0.0,0.0,0.0,0.0,0.0,-5427.882534505955,-33.39731886238858,-2809.345337596076,1341.7616122419743,0.0,-0.0,0.0,0.0,0.0,0.0,-0.0,-0.0,-1341.7616122419743
t517,7481.626456390573,0.0,-2895.8437335655512,0.0,0.0,0.0,0.0,5203.383427173382,-32.015994151648506,-9757.150155846757,14519.884850036124,0.0,-6497.372320405344,0.0,0.0,0.0,0.0,-5203.383427173382,-32.015994151648506,-2787.1131083057476,1330.647622983946,0.0,-0.0,0.0,0.0,0.0,0.0,-0.0,-0.0,-1330.647622983946
t518,7050.5267829014665,0.0,-2895.8437335655512,0.0,0.0,0.0,0.0,5563.954975330665,-34.23456150087909,-9684.403463165701,14861.453292129141,0.0,-6497.372320405344,0.0,0.0,0.0,0.0,-5563.954975330665,-34.23456150087909,-2765.8914348922517,1320.5439963857382,0.0,-0.0,0.0,0.0,0.0,0.0,-0.0,-0.0,-1320.5439963857382
t519,6603.772651995157,0.0,-2895.8437335655512,0.0,0.0,0.0,0.0,5854.881318171688,-36.02460757788296,-9526.78562902341,8612.332902061165,0.0,-0.0,0.0,0.0,0.0,0.0,-5854.881318171688,-36.02460757788296,-2721.4269763115944,1299.3263805295023,0.0,-0.0,0.0,0.0,0.0,0.0,-0.0,-0.0,-1299.3263805295023
t520,5206.913374767881,0.0,-1651.9351948843753,0.0,0.0,0.0,0.0,5900.0,-36.30221915,-9418.675960733506,8626.401963279768,0.0,-0.0,0.0,0.0,0.0,0.0,-5900.0,-36.30221915,-2690.0997441297677,1284.1709406321909,0.0,-0.0,0.0,0.0,0.0,0.0,-0.0,-0.0,-1284.1709406321909
t521,3542.724132416074,0.0,-0.0,0.0,0.0,0.0,0.0,5913.3960602584775,-36.43386120936145,-9419.68633146519,15124.784839561948,0.0,-6497.372320405344,0.0,0.0,0.0,0.0,-5900.0,-36.30221915,-2691.110300006601,1297.6986429500291,0.0,-0.0,0.0,0.0,0.0,0.0,-13.39606025847717,-0.13164205936144535,-1284.1709406321909
t522,1491.9902107625817,0.0,-0.0,0.0,0.0,0.0,0.0,8095.705782357611,-57.87925190173588,-9529.816741218456,13178.5393218227,0.0,-4519.799570484271,0.0,0.0,0.0,0.0,-5900.0,-36.30221915,-2722.4375321884277,3516.609195638848,0.0,-0.0,0.0,0.0,0.0,0.0,-2195.7057823576097,-21.577032751735878,-1299.3263805295023
t523,50.57593934788412,0.0,-0.0,0.0,0.0,0.0,0.0,9647.3427200367,-73.12706938808259,-9624.791589996501,10594.168961909329,0.0,-1909.1547577732388,0.0,0.0,0.0,0.0,-5900.0,-36.30221915,-2748.7119849860887,6980.519453341248,0.0,-1884.901150619112,0.0,0.0,0.0,0.0,-3747.342720036701,-36.824850238082576,-1311.4507324473514
t524,0.0,2895.8437335655512,-0.0,0.0,0.0,0.0,0.0,7194.077483002448,-58.9605924355992,-10030.960624132402,5654.189443943914,424.4668483160314,-0.0,0.0,0.0,0.0,0.0,-3194.0774830024493,-19.65289843559921,-2864.9259108218976,5406.328372737493,0.0,-0.0,0.0,0.0,0.0,0.0,-4000.0,-39.307694,-1367.0206787374934
t525,0.0,2895.8437335655512,-0.0,0.0,0.0,0.0,0.0,7210.343498175028,-59.06067590127585,-10047.126555839304,5415.061497852269,685.0136724300984,-0.0,0.0,0.0,0.0,0.0,-3210.343498175029,-19.752981901275852,-2869.978690206063,5409.359460716955,0.0,-0.0,0.0,0.0,0.0,0.0,-4000.0,-39.307694,-1370.0517667169556
t526,0.0,2895.8437335655512,-0.0,0.0,0.0,0.0,0.0,6509.88821980588,-54.75083166057566,-9350.981121710856,4530.879376768079,665.3511631683156,-0.0,0.0,0.0,0.0,0.0,-2509.8882198058805,-15.443137660575667,-2670.8991824699383,5314.385370693803,0.0,-0.0,0.0,0.0,0.0,0.0,-4000.0,-39.307694,-1275.0776766938038
t527,0.0,614.8799232626436,-0.0,0.0,0.0,0.0,0.0,7846.295233571808,-62.973635099105806,-8398.201521735347,6269.020826272744,0.0,-0.0,0.0,0.0,0.0,0.0,-3846.2952335718087,-23.665941099105805,-2399.059651601829,5184.048587576925,0.0,-0.0,0.0,0.0,0.0,0.0,-4000.0,-39.307694,-1144.7408935769254
t528,0.0,893.6222945959548,-0.0,0.0,0.0,0.0,0.0,6674.246208424234,-55.762112969368324,-7512.106390050807,4837.121309787152,0.0,-0.0,0.0,0.0,0.0,0.0,-2674.2462084242347,-16.45441896936833,-2146.4206823935488,5063.815431058254,0.0,-0.0,0.0,0.0,0.0,0.0,-4000.0,-39.307694,-1024.5077370582544
t529,0.0,0.0,-0.0,0.0,0.0,0.0,0.0,7028.038754885717,-47.38736969929719,-6980.651385186419,7930.128964141749,0.0,-0.0,0.0,0.0,0.0,0.0,-5900.0,-36.30221915,-1993.8267449917475,2090.8855309861733,0.0,-0.0,0.0,0.0,0.0,0.0,-1128.038754885717,-11.08515054929719,-951.7616255511595
t530,0.0,0.0,-0.0,0.0,0.0,0.0,0.0,6756.612858741147,-44.72008818196556,-6711.892770559181,9404.37091229389,0.0,-1550.0336389146262,0.0,0.0,0.0,0.0,-5900.0,-36.30221915,-1918.0350542292633,1780.4192975707247,0.0,-0.0,0.0,0.0,0.0,0.0,-856.6128587411471,-8.41786903196556,-915.388569797612
t531,0.0,0.0,-0.0,0.0,0.0,0.0,0.0,6634.165086044349,-43.516803286928734,-6590.64828275742,9863.834781529438,0.0,-2044.8669638393326,0.0,0.0,0.0,0.0,-5900.0,-36.30221915,-1882.6655985401042,1639.5920747619366,0.0,-0.0,0.0,0.0,0.0,0.0,-734.1650860443489,-7.214584136928733,-898.212404580659
t532,0.0,0.0,-0.0,0.0,0.0,0.0,0.0,6623.961104986282,-43.41652954567566,-6580.544575440606,7815.936150059605,0.0,-0.0,0.0,0.0,0.0,0.0,-5900.0,-36.30221915,-1879.6339309096047,1628.277457302796,0.0,-0.0,0.0,0.0,0.0,0.0,-723.9611049862817,-7.114310395675658,-897.2020419208383
t533,0.0,0.0,-0.0,0.0,0.0,0.0,0.0,6852.530280686972,-45.6626613497444,-6806.867619337228,11013.876115286146,0.0,-3133.2643891092216,0.0,0.0,0.0,0.0,-5900.0,-36.30221915,-1944.3095070269246,1890.4140072619982,0.0,-0.0,0.0,0.0,0.0,0.0,-952.5302806869718,-9.360442199744398,-928.523284375282
t534,0.0,0.0,-0.0,0.0,0.0,0.0,0.0,7566.808954751629,-52.68182323745922,-7514.127131514169,8082.72290154355,0.0,-0.0,0.0,0.0,0.0,0.0,-5900.0,-36.30221915,-2146.4206823935488,2707.6962958973427,0.0,-0.0,0.0,0.0,0.0,0.0,-1666.808954751629,-16.37960408745922,-1024.5077370582544
t535,717.6966631271176,0.0,-1860.9814233709938,0.0,0.0,0.0,0.0,9900.0,-75.60991315,-8681.105326606124,8416.20634089848,0.0,-0.0,0.0,0.0,0.0,0.0,-5900.0,-36.30221915,-2479.9041217484787,5222.442368650114,0.0,-0.0,0.0,0.0,0.0,0.0,-4000.0,-39.307694,-1183.1346746501144
t536,2915.3416466958925,0.0,-0.0,0.0,0.0,0.0,0.0,6539.862185545424,-42.59009589789768,-9412.613736343419,8624.380851526103,0.0,-0.0,0.0,0.0,0.0,0.0,-5900.0,-36.30221915,-2688.0786323761017,1929.3106402656913,0.0,-0.0,0.0,0.0,0.0,0.0,-639.8621855454232,-6.28787674789768,-1283.16057797237
t537,5308.065253463649,0.0,-1613.6559126081168,0.0,0.0,0.0,0.0,5900.0,-36.30221915,-9558.107121705532,15164.196518758437,0.0,-6497.372320405344,0.0,0.0,0.0,0.0,-5900.0,-36.30221915,-2730.5219792030925,1303.3678311687852,0.0,-0.0,0.0,0.0,0.0,0.0,-0.0,-0.0,-1303.3678311687852
t538,7034.872325484264,0.0,-2895.8437335655512,0.0,0.0,0.0,0.0,5514.642288980131,-33.931144560748194,-9619.739736338095,14793.64718305548,0.0,-6497.372320405344,0.0,0.0,0.0,0.0,-5514.642288980131,-33.931144560748194,-2747.7014291092555,1311.4507324473514,0.0,-0.0,0.0,0.0,0.0,0.0,-0.0,-0.0,-1311.4507324473514
t539,8304.087565309737,0.0,-2895.8437335655512,0.0,0.0,0.0,0.0,4300.60013207188,-26.46124211372751,-9682.382721702339,7092.9528090778595,0.0,-0.0,0.0,0.0,0.0,0.0,-4300.60013207188,-26.46124211372751,-2765.8914348922517,1320.5439963857382,0.0,-0.0,0.0,0.0,0.0,0.0,-0.0,-0.0,-1320.5439963857382
t540,8258.328382090223,0.0,-2895.8437335655512,0.0,0.0,0.0,0.0,4324.276840048936,-26.606922968258637,-9660.15456560535,13607.073627176958,0.0,-6497.372320405344,0.0,0.0,0.0,0.0,-4324.276840048936,-26.606922968258637,-2758.81754375442,1316.5025457464553,0.0,-0.0,0.0,0.0,0.0,0.0,-0.0,-0.0,-1316.5025457464553
t541,7635.762652498412,0.0,-2895.8437335655512,0.0,0.0,0.0,0.0,4891.732576099506,-30.09843186453531,-9601.55306316783,7664.479657689131,0.0,-0.0,0.0,0.0,0.0,0.0,-4891.732576099506,-30.09843186453531,-2742.64864972509,1309.4300071277098,0.0,-0.0,0.0,0.0,0.0,0.0,-0.0,-0.0,-1309.4300071277098
t542,6914.453422275017,0.0,-2895.8437335655512,0.0,0.0,0.0,0.0,5594.12504309869,-34.420195468995225,-9578.31453633916,14861.492317560287,0.0,-6497.372320405344,0.0,0.0,0.0,0.0,-5594.12504309869,-34.420195468995225,-2735.574758587258,1305.3885564884267,0.0,-0.0,0.0,0.0,0.0,0.0,-0.0,-0.0,-1305.3885564884267
t543,6347.280388159459,0.0,-2761.991086325512,0.0,0.0,0.0,0.0,5900.0,-36.30221915,-9448.987082683947,8634.486410294434,0.0,-0.0,0.0,0.0,0.0,0.0,-5900.0,-36.30221915,-2698.1841911444326,1288.2123912714737,0.0,-0.0,0.0,0.0,0.0,0.0,-0.0,-0.0,-1288.2123912714737
t544,5420.054833448249,0.0,-1945.9063120992507,0.0,0.0,0.0,0.0,5900.0,-36.30221915,-9337.846302199,13229.254866880488,0.0,-4626.095688767883,0.0,0.0,0.0,0.0,-5900.0,-36.30221915,-2666.856958962606,1273.0569513741623,0.0,-0.0,0.0,0.0,0.0,0.0,-0.0,-0.0,-1273.0569513741623
t545,3866.650982048951,0.0,-377.3468997247313,0.0,0.0,0.0,0.0,5900.0,-36.30221915,-9353.001863174219,13451.676015319421,0.0,-4843.464057822649,0.0,0.0,0.0,0.0,-5900.0,-36.30221915,-2671.9097383467715,1275.0776766938038,0.0,-0.0,0.0,0.0,0.0,0.0,-0.0,-0.0,-1275.0776766938038
t546,1808.691926202904,120.23603438388591,-0.0,0.0,0.0,0.0,0.0,7557.3796277292895,-58.53829099744527,-9427.769297318639,7000.221492823577,0.0,-0.0,0.0,0.0,0.0,0.0,-4280.750969230838,-26.33911183247335,-2693.131411760267,4594.009140955436,0.0,-0.0,0.0,0.0,0.0,0.0,-3276.6286584984528,-32.199179164971916,-1285.1813032920115
t547,142.09430578691257,2895.8437335655512,-0.0,0.0,0.0,0.0,0.0,6507.240071129735,-52.74508633595467,-9492.433024146245,5243.121059725409,535.692991420178,-0.0,0.0,0.0,0.0,0.0,-3048.7340216390016,-18.758611963322014,-2711.321417543263,4786.767091093765,0.0,-0.0,0.0,0.0,0.0,0.0,-3458.5060494907334,-33.98647437263266,-1294.2745672303984
t548,0.0,2895.8437335655512,-0.0,0.0,0.0,0.0,0.0,7074.1850719359945,-57.281556975859324,-9912.747248525686,4857.780250465979,1324.6923643351702,-0.0,0.0,0.0,0.0,0.0,-3330.403347545172,-20.49170036957262,-2831.577566886405,5132.436819837291,0.0,-0.0,0.0,0.0,0.0,0.0,-3743.781724390823,-36.7898566062867,-1351.865238840182
t549,0.0,1571.5766965454925,-0.0,0.0,0.0,0.0,0.0,8442.310015611427,-63.75574655902572,-9950.130965597895,8102.447611620621,0.0,-0.0,0.0,0.0,0.0,0.0,-5227.589001014313,-32.164929074737486,-2842.693681531569,4603.228884220688,0.0,-0.0,0.0,0.0,0.0,0.0,-3214.721014597114,-31.590817484288227,-1356.9170521392857
t550,0.0,457.7423923218408,-0.0,0.0,0.0,0.0,0.0,8877.975628692528,-65.56655783802589,-9270.15146317635,8583.958616452777,0.0,-0.0,0.0,0.0,0.0,0.0,-5900.0,-36.30221915,-2647.656397302777,4271.203654816329,0.0,-0.0,0.0,0.0,0.0,0.0,-2977.9756286925276,-29.264338688025877,-1263.9636874357755
t551,0.0,2895.8437335655512,-0.0,0.0,0.0,0.0,0.0,5457.435210324027,-37.927822152098514,-8315.351121737478,4836.174838466726,1838.7315388031063,-0.0,0.0,0.0,0.0,0.0,-4273.803700855635,-26.2963658563631,-2374.806310557834,2328.889870083024,0.0,-0.0,0.0,0.0,0.0,0.0,-1183.6315094683919,-11.631456295735411,-1133.626904318897
t552,0.0,2895.8437335655512,-0.0,0.0,0.0,0.0,0.0,4591.35810033675,-33.69694628901219,-7453.504887613289,2952.0415175875423,2305.191382594887,-0.0,0.0,0.0,0.0,0.0,-3108.863086496174,-19.12858119886941,-2129.241232487386,2512.477852050586,0.0,-0.0,0.0,0.0,0.0,0.0,-1482.495013840576,-14.56836509014278,-1015.4144731198676
t553,0.0,2895.8437335655512,-0.0,0.0,0.0,0.0,0.0,4053.905877360923,-28.710098909253464,-6921.03951201722,4294.6956497713245,730.2605967060889,-0.0,0.0,0.0,0.0,0.0,-3028.663277206402,-18.6351183085939,-1977.6578509624176,1978.9963050277738,0.0,-0.0,0.0,0.0,0.0,0.0,-1025.242600154521,-10.074980600659565,-943.6787242725934
t554,0.0,1964.859961380509,-0.0,0.0,0.0,0.0,0.0,4716.539592976204,-34.170510625135236,-6647.229043731575,5233.011789242916,0.0,-0.0,0.0,0.0,0.0,0.0,-3314.7922062607577,-20.395646289557632,-1897.823936692601,2321.8175569102486,0.0,-0.0,0.0,0.0,0.0,0.0,-1401.7473867154463,-13.774864335577606,-906.2953058592251
t555,0.0,12.428005415052327,-0.0,0.0,0.0,0.0,0.0,6556.423043222649,-43.87686343957618,-6524.974185198133,7491.944785454456,0.0,-0.0,0.0,0.0,0.0,0.0,-5594.0599535955935,-34.41979497858746,-1863.465036880275,1860.9392987303156,0.0,-0.0,0.0,0.0,0.0,0.0,-962.3630896270548,-9.457068460988712,-889.1191406422721
t556,0.0,1411.9839419215407,-0.0,0.0,0.0,0.0,0.0,5146.731265347413,-33.741022070817436,-6524.974185198133,6473.992209324994,0.0,-0.0,0.0,0.0,0.0,0.0,-4582.332454313423,-28.194718131295467,-1863.465036880275,1459.0642556157836,0.0,-0.0,0.0,0.0,0.0,0.0,-564.3988110339894,-5.54630393952197,-889.1191406422721
t557,0.0,917.2358239335756,-0.0,0.0,0.0,0.0,0.0,5862.287204493258,-37.31913591721945,-6742.203892509621,7482.439982242892,0.0,-0.0,0.0,0.0,0.0,0.0,-5522.3419609839,-33.97852001506412,-1926.1195012439284,1261.7055171885875,0.0,-0.0,0.0,0.0,0.0,0.0,-339.9452435093578,-3.340615902155331,-918.4196577770742
t558,0.0,1016.4773377735172,-0.0,0.0,0.0,0.0,0.0,6474.938159372431,-41.952092459383685,-7449.463404686564,9486.861141563702,0.0,-1423.3388016799822,0.0,0.0,0.0,0.0,-5900.0,-36.30221915,-2127.2201207337193,1596.0025058016818,0.0,-0.0,0.0,0.0,0.0,0.0,-574.9381593724305,-5.6498733093836835,-1015.4144731198676
t559,811.623407630331,2090.479359729234,-0.0,0.0,0.0,0.0,0.0,5763.173499588793,-35.69984765798788,-8629.576419290375,8197.787846426572,0.0,-0.0,0.0,0.0,0.0,0.0,-5697.982838809001,-35.05922402159042,-2464.7457835959817,1242.903783107379,0.0,-0.0,0.0,0.0,0.0,0.0,-65.19066077979177,-0.6406236363974641,-1177.0724986911898
t560,2920.1584028242623,1576.522292225714,-0.0,0.0,0.0,0.0,0.0,4953.48401988059,-30.478383465377643,-9419.68633146519,7675.072703352567,0.0,-0.0,0.0,0.0,0.0,0.0,-4953.48401988059,-30.478383465377643,-2691.110300006601,930.2260487493033,353.9448918828875,-0.0,0.0,0.0,0.0,0.0,-0.0,-0.0,-1284.1709406321909
t561,5007.0179954405285,0.0,-382.2607352623991,0.0,0.0,0.0,0.0,5037.737343013714,-44.77560831711098,-9617.718994874733,8684.003648259257,0.0,-0.0,0.0,0.0,0.0,0.0,-5900.0,-36.30221915,-2747.7014291092555,457.6614646281761,0.0,-0.0,0.0,0.0,0.0,0.0,862.2626569862864,-8.473389167110977,-1311.4507324473514
t562,6578.484682321214,0.0,-1968.650392481996,0.0,0.0,0.0,0.0,5086.533403080415,-44.2960931677341,-9652.071599751898,8693.098651150754,0.0,-0.0,0.0,0.0,0.0,0.0,-5900.0,-36.30221915,-2756.7964320007536,510.01946018478327,0.0,-0.0,0.0,0.0,0.0,0.0,813.4665969195852,-7.993874017734099,-1315.4921830866344
t563,7689.951158942572,0.0,-2656.9576031078677,0.0,0.0,0.0,0.0,4712.516257884122,-47.971531041266466,-9697.538282677559,8706.235877549585,0.0,-0.0,0.0,0.0,0.0,0.0,-5900.0,-36.30221915,-2769.933658399584,145.73992882094694,0.0,-0.0,0.0,0.0,0.0,0.0,1187.4837421158786,-11.669311891266467,-1321.554359045559
t564,7733.301964097902,0.0,-2895.8437335655512,0.0,0.0,0.0,0.0,4875.799910707766,-41.98949758627095,-9671.268643653844,10781.795416924588,0.0,-2358.255156251398,0.0,0.0,0.0,0.0,-5626.063781488139,-34.616711923298325,-2762.8597672617525,575.6321859486953,0.0,-0.0,0.0,0.0,0.0,0.0,750.2638707803738,-7.3727856629726185,-1318.5232710660966
t565,7453.9301086524465,0.0,-2895.8437335655512,0.0,0.0,0.0,0.0,5054.590416843777,-37.39336778655727,-9575.283424144116,8216.479577548074,0.0,-0.0,0.0,0.0,0.0,0.0,-5448.39186374397,-33.52351109367976,-2734.564202710425,915.4569662811111,0.0,-0.0,0.0,0.0,0.0,0.0,393.80144690019296,-3.8698566928775087,-1305.3885564884267
t566,6442.411321694765,0.0,-2775.2819905946285,0.0,0.0,0.0,0.0,5900.0,-36.30221915,-9530.827111950137,11837.538667210016,0.0,-3178.798915871587,0.0,0.0,0.0,0.0,-5900.0,-36.30221915,-2722.4375321884277,1299.3263805295023,0.0,-0.0,0.0,0.0,0.0,0.0,-0.0,-0.0,-1299.3263805295023
t567,5957.123141761495,0.0,-2402.1449618779898,0.0,0.0,0.0,0.0,5900.0,-36.30221915,-9418.675960733506,10141.453965172042,0.0,-1515.0520018922737,0.0,0.0,0.0,0.0,-5900.0,-36.30221915,-2690.0997441297677,1284.1709406321909,0.0,-0.0,0.0,0.0,0.0,0.0,-0.0,-0.0,-1284.1709406321909
t568,5250.264179923211,0.0,-1793.2919610127947,0.0,0.0,0.0,0.0,5900.0,-36.30221915,-9320.669999760416,8599.116954605273,0.0,-0.0,0.0,0.0,0.0,0.0,-5900.0,-36.30221915,-2662.8147354552734,1270.0258633947,0.0,-0.0,0.0,0.0,0.0,0.0,-0.0,-0.0,-1270.0258633947
t569,3732.9859994866856,0.0,-252.7752537475978,0.0,0.0,0.0,0.0,5900.0,-36.30221915,-9343.908526589088,8605.180289866274,0.0,-0.0,0.0,0.0,0.0,0.0,-5900.0,-36.30221915,-2668.8780707162723,1274.0673140339832,0.0,-0.0,0.0,0.0,0.0,0.0,-0.0,-0.0,-1274.0673140339832
t570,1697.9065352503958,753.9578655248329,-0.0,0.0,0.0,0.0,0.0,7043.812294379075,-51.74146612876745,-9443.935229025541,7484.534864601691,0.0,-0.0,0.0,0.0,0.0,0.0,-4757.080743345534,-29.269930111724488,-2698.1841911444326,3596.4051156622377,0.0,-0.0,0.0,0.0,0.0,0.0,-2286.7315510335416,-22.47153601704296,-1287.202028611653
t571,68.63877482927131,2895.8437335655512,-0.0,0.0,0.0,0.0,0.0,6630.933553876364,-55.49561373591663,-9539.92044853527,2357.2415697114075,3014.338547842967,-0.0,0.0,0.0,0.0,0.0,-2630.9335538763644,-16.18791973591663,-2724.4586439420937,5704.949019769332,0.0,-364.2942199201888,0.0,0.0,0.0,0.0,-4000.0,-39.307694,-1301.3471058491436
t572,0.0,2895.8437335655512,-0.0,0.0,0.0,0.0,0.0,7128.733053465336,-58.27988972608907,-9966.296897304797,1357.3412743336223,4713.687138502485,-0.0,0.0,0.0,0.0,0.0,-3204.5750188789084,-19.717488918297885,-2846.7359050389014,5321.658212853146,0.0,-0.0,0.0,0.0,0.0,0.0,-3924.158034586427,-38.56240080779118,-1358.9377774589273
t573,0.0,2895.8437335655512,-0.0,0.0,0.0,0.0,0.0,7127.996796363852,-58.554003356287865,-9965.286526573114,2943.9544224554165,3050.0245883036246,-0.0,0.0,0.0,0.0,0.0,-3127.996796363852,-19.246309356287874,-2846.7359050389014,5398.245471458928,0.0,-0.0,0.0,0.0,0.0,0.0,-4000.0,-39.307694,-1358.9377774589273
t574,0.0,2895.8437335655512,-0.0,0.0,0.0,0.0,0.0,6462.106800236433,-54.45683648015055,-9303.493697321834,3385.4532763212173,1748.5540665896408,-0.0,0.0,0.0,0.0,0.0,-2462.106800236433,-15.149142480150553,-2656.751400194275,5308.323194734879,0.0,-0.0,0.0,0.0,0.0,0.0,-4000.0,-39.307694,-1269.0155007348794
t575,0.0,2437.2052859711935,-0.0,0.0,0.0,0.0,0.0,5987.272185265376,-51.53521779325475,-8372.942253443314,4391.485469522628,0.0,-0.0,0.0,0.0,0.0,0.0,-1987.2721852653754,-12.227523793254756,-2391.985760463997,5181.017499597463,0.0,-0.0,0.0,0.0,0.0,0.0,-4000.0,-39.307694,-1141.7098055974632
t576,0.0,316.65413688371393,-0.0,0.0,0.0,0.0,0.0,7265.969267944756,-59.402936729168744,-7523.220468099302,5434.50630482114,0.0,-0.0,0.0,0.0,0.0,0.0,-3265.969267944756,-20.09524272916875,-2148.4417941472148,5064.825793718075,0.0,-0.0,0.0,0.0,0.0,0.0,-4000.0,-39.307694,-1025.5180997180753
t577,0.0,0.0,-0.0,0.0,0.0,0.0,0.0,7022.6145686452455,-53.07726150732101,-6969.5373071379245,6354.281722980141,0.0,-0.0,0.0,0.0,0.0,0.0,-4336.802652348409,-26.683993270483594,-1990.795077361248,3661.946084765192,0.0,-0.0,0.0,0.0,0.0,0.0,-2685.811916296837,-26.393268236837418,-949.7409002315179
t578,0.0,0.0,-0.0,0.0,0.0,0.0,0.0,6731.492113681439,-52.941577267742154,-6678.550536413697,5525.112991234013,0.0,-0.0,0.0,0.0,0.0,0.0,-3595.0633638927134,-22.12013188036771,-1907.9294954609322,4077.586951674609,0.0,-0.0,0.0,0.0,0.0,0.0,-3136.428749788726,-30.82144538737445,-910.3367564985082
t579,0.0,0.0,-0.0,0.0,0.0,0.0,0.0,6595.867685795657,-49.675715232217115,-6546.19197056344,6016.102903122035,0.0,-0.0,0.0,0.0,0.0,0.0,-4121.217018544842,-25.3575124359194,-1869.5283721412736,3391.1190986688475,0.0,-0.0,0.0,0.0,0.0,0.0,-2474.6506672508153,-24.318202796297715,-892.1502286217344
t580,0.0,0.0,-2895.8437335655512,0.0,0.0,0.0,0.0,9509.769367782106,-71.77514657983811,-6542.150487636715,7804.820035414442,0.0,-0.0,0.0,0.0,0.0,0.0,-5900.0,-36.30221915,-1868.5178162644404,4537.392523833678,0.0,-0.0,0.0,0.0,0.0,0.0,-3609.7693677821053,-35.47292742983811,-892.1502286217344
t581,0.0,0.0,-0.0,0.0,0.0,0.0,0.0,6790.2859962327675,-45.05099152810069,-6745.235004704666,9820.940343837154,0.0,-1957.5080675663924,0.0,0.0,0.0,0.0,-5900.0,-36.30221915,-1927.1300571207614,1818.4647890477625,0.0,-0.0,0.0,0.0,0.0,0.0,-890.2859962327668,-8.748772378100686,-919.430020436895
t582,0.0,0.0,-0.0,0.0,0.0,0.0,0.0,7512.727855143878,-52.150372408817965,-7460.577482735059,9618.909182077392,0.0,-1551.3446186863398,0.0,0.0,0.0,0.0,-5900.0,-36.30221915,-2131.262344241052,2645.000844182383,0.0,-0.0,0.0,0.0,0.0,0.0,-1612.727855143877,-15.84815325881796,-1016.4248357796884
t583,777.9061147317417,0.0,-0.0,0.0,0.0,0.0,0.0,7903.588292510663,-57.9802123421166,-8623.514194900288,7855.367050606295,0.0,-0.0,0.0,0.0,0.0,0.0,-5358.660422041153,-32.971400845994815,-2463.7352277191485,3744.9884553371808,0.0,-0.0,0.0,0.0,0.0,0.0,-2544.9278704695107,-25.008811496121787,-1175.0517733715483
t584,2890.05367702195,0.0,-0.0,0.0,0.0,0.0,0.0,6529.8264078176935,-45.66043630011657,-9374.219648539527,7745.421720243172,0.0,-0.0,0.0,0.0,0.0,0.0,-5037.464096479917,-30.995106032317068,-2676.962517730937,2785.136406278841,0.0,-0.0,0.0,0.0,0.0,0.0,-1492.3623113377757,-14.665330267799504,-1278.1087646732663
t585,4966.075568349384,0.0,-1265.6040031037633,0.0,0.0,0.0,0.0,5900.0,-36.30221915,-9564.169346095621,8668.845310106759,0.0,-0.0,0.0,0.0,0.0,0.0,-5900.0,-36.30221915,-2732.543090956759,1304.378193828606,0.0,-0.0,0.0,0.0,0.0,0.0,-0.0,-0.0,-1304.378193828606
t586,6486.966315882185,0.0,-2729.913989662409,0.0,0.0,0.0,0.0,5900.0,-36.30221915,-9620.750107069776,8685.01420413609,0.0,-0.0,0.0,0.0,0.0,0.0,-5900.0,-36.30221915,-2748.7119849860887,1311.4507324473514,0.0,-0.0,0.0,0.0,0.0,0.0,-0.0,-0.0,-1311.4507324473514
t587,7155.291228693512,0.0,-2895.8437335655512,0.0,0.0,0.0,0.0,5428.043153223569,-33.39830713626763,-9654.09234121526,13144.779634711444,0.0,-4925.531186474019,0.0,0.0,0.0,0.0,-5428.043153223569,-33.39830713626763,-2757.806987877587,1315.4921830866344,0.0,-0.0,0.0,0.0,0.0,0.0,-0.0,-0.0,-1315.4921830866344
t588,6946.966526141512,0.0,-2895.8437335655512,0.0,0.0,0.0,0.0,5645.790603946901,-34.73808945415106,-9662.175307068712,14302.134255573983,0.0,-5861.777462541677,0.0,0.0,0.0,0.0,-5645.790603946901,-34.73808945415106,-2759.8280996312533,1316.5025457464553,0.0,-0.0,0.0,0.0,0.0,0.0,-0.0,-0.0,-1316.5025457464553
t589,6559.217657807734,0.0,-2798.123848661233,0.0,0.0,0.0,0.0,5900.0,-36.30221915,-9624.791589996501,8685.01420413609,0.0,-0.0,0.0,0.0,0.0,0.0,-5900.0,-36.30221915,-2748.7119849860887,1311.4507324473514,0.0,-0.0,0.0,0.0,0.0,0.0,-0.0,-0.0,-1311.4507324473514
t590,6524.2961758770525,0.0,-2774.316444779046,0.0,0.0,0.0,0.0,5900.0,-36.30221915,-9613.677511948006,11233.149578063309,0.0,-2551.167041557717,0.0,0.0,0.0,0.0,-5900.0,-36.30221915,-2745.6803173555895,1311.4507324473514,0.0,-0.0,0.0,0.0,0.0,0.0,-0.0,-0.0,-1311.4507324473514
t591,6430.36943137384,0.0,-2795.571963687507,0.0,0.0,0.0,0.0,5900.0,-36.30221915,-9498.495248536334,12072.071503916803,0.0,-3423.4373113467063,0.0,0.0,0.0,0.0,-5900.0,-36.30221915,-2712.3319734200963,1295.2849298902192,0.0,-0.0,0.0,0.0,0.0,0.0,-0.0,-0.0,-1295.2849298902192
t592,5239.426478634377,0.0,-1693.5416353360013,0.0,0.0,0.0,0.0,5900.0,-36.30221915,-9409.582624148376,15120.742616054613,0.0,-6497.372320405344,0.0,0.0,0.0,0.0,-5900.0,-36.30221915,-2687.0680764992685,1283.16057797237,0.0,-0.0,0.0,0.0,0.0,0.0,-0.0,-0.0,-1283.16057797237
t593,3581.2581814430337,0.0,-7.08295765758038,0.0,0.0,0.0,0.0,5900.0,-36.30221915,-9437.873004635452,8632.465298540767,0.0,-0.0,0.0,0.0,0.0,0.0,-5900.0,-36.30221915,-2696.1630793907666,1286.1916659518322,0.0,-0.0,0.0,0.0,0.0,0.0,-0.0,-0.0,-1286.1916659518322
t594,1528.1158817253563,0.0,-0.0,0.0,0.0,0.0,0.0,8080.845939411524,-59.94803601648341,-9549.0137851204,8057.250567918675,0.0,-0.0,0.0,0.0,0.0,0.0,-5297.1672181717995,-32.5930381742828,-2727.4903115725933,4112.3808249310705,0.0,-0.0,0.0,0.0,0.0,0.0,-2783.6787212397257,-27.354997842200607,-1301.3471058491436
t595,114.39795804878553,2895.8437335655512,-0.0,0.0,0.0,0.0,0.0,6616.050270903319,-47.97742617849395,-9578.31453633916,904.1805989363764,6497.372320405344,-0.0,0.0,0.0,0.0,0.0,-4637.444343659639,-28.533817094823757,-2735.574758587258,2411.6324515771785,891.8056412386205,-0.0,0.0,0.0,0.0,0.0,-1978.605927243679,-19.443609083670196,-1305.3885564884267
t596,0.0,2895.8437335655512,-0.0,0.0,0.0,0.0,0.0,7083.762156735635,-54.7341929953227,-9924.871697305862,411.51966958723517,6497.372320405344,-0.0,0.0,0.0,0.0,0.0,-4049.367328327911,-24.915427147764376,-2834.609234516904,2035.3249437804534,2381.7642519748283,-0.0,0.0,0.0,0.0,0.0,-3034.3948284077237,-29.81876584755832,-1352.8756015000026
t597,0.0,2895.8437335655512,-0.0,0.0,0.0,0.0,0.0,7134.127167096429,-54.58066677205092,-9975.390233889928,604.2632980576881,6497.372320405344,-0.0,0.0,0.0,0.0,0.0,-4225.866632810082,-26.00141298354986,-2849.767572669401,2820.9256673794457,1475.8622608141332,-0.0,0.0,0.0,0.0,0.0,-2908.260534286347,-28.57925378850106,-1359.9481401187481
t598,0.0,2895.8437335655512,-0.0,0.0,0.0,0.0,0.0,6522.277813685655,-48.95375237008275,-9369.167794881121,324.82576788700004,6497.372320405344,-0.0,0.0,0.0,0.0,0.0,-4120.890622291864,-25.355504146376123,-2675.951961854104,3698.426408616023,3.6574330148960144,-0.0,0.0,0.0,0.0,0.0,-2401.38719139379,-23.59824822370663,-1277.0984020134454
t599,0.0,2895.8437335655512,-0.0,0.0,0.0,0.0,0.0,5618.692587750645,-46.61921909483541,-8467.91710222136,582.8295451986367,4190.310901717812,-0.0,0.0,0.0,0.0,0.0,-2339.4750782884676,-14.394599489490059,-2419.2707691384912,4465.276286582835,0.0,-0.0,0.0,0.0,0.0,0.0,-3279.2175094621775,-32.224619605345346,-1153.8341575153122
t600,0.0,2895.8437335655512,-0.0,0.0,0.0,0.0,0.0,4751.645910886037,-41.41877635441658,-7606.070868097172,1123.808258305678,2492.5512483995194,-0.0,0.0,0.0,0.0,0.0,-1435.8403189294343,-8.834608461386816,-2171.6845793143766,4385.021848825737,0.0,-0.0,0.0,0.0,0.0,0.0,-3315.8055919566036,-32.58416789302976,-1036.6320889761037
t601,0.0,662.192268611342,-0.0,0.0,0.0,0.0,0.0,6455.284318102494,-53.97480152953636,-7063.5017851842895,4608.984307957072,0.0,-0.0,0.0,0.0,0.0,0.0,-2575.060087072967,-15.844134848362868,-2018.0800860357424,4881.230512519888,0.0,-0.0,0.0,0.0,0.0,0.0,-3880.224231029527,-38.13066668117349,-962.8756148091879
t602,0.0,0.0,-0.0,0.0,0.0,0.0,0.0,6843.426098793385,-49.69329896801446,-6793.73279982537,6748.249214686229,0.0,-0.0,0.0,0.0,0.0,0.0,-4778.579719606147,-29.402211560489473,-1940.2672835195922,3011.640025650404,0.0,-0.0,0.0,0.0,0.0,0.0,-2064.8463791872387,-20.291087407524984,-926.5025590556404
t603,0.0,0.0,-0.0,0.0,0.0,0.0,0.0,6708.654147768234,-44.248801598076135,-6664.405346170158,7839.178935226768,0.0,-0.0,0.0,0.0,0.0,0.0,-5900.0,-36.30221915,-1902.8767160767666,1724.9167613951765,0.0,-0.0,0.0,0.0,0.0,0.0,-808.654147768234,-7.94658244807613,-908.3160311788666
t604,0.0,0.0,-0.0,0.0,0.0,0.0,0.0,6708.654147768234,-44.248801598076135,-6664.405346170158,8103.631039520516,0.0,-263.4415484169157,0.0,0.0,0.0,0.0,-5900.0,-36.30221915,-1903.8872719535998,1724.9167613951765,0.0,-0.0,0.0,0.0,0.0,0.0,-808.654147768234,-7.94658244807613,-908.3160311788666
t605,0.0,0.0,-0.0,0.0,0.0,0.0,0.0,6917.835759458599,-46.30441329376404,-6871.531346164834,9114.487046053006,0.0,-1214.6747582162511,0.0,0.0,0.0,0.0,-5900.0,-36.30221915,-1963.5100686867538,1964.44413925621,0.0,-0.0,0.0,0.0,0.0,0.0,-1017.8357594585979,-10.002194143764042,-936.606185653848
t606,0.0,0.0,-0.0,0.0,0.0,0.0,0.0,7611.9692862632655,-53.385842555115495,-7558.583443708149,8023.58309797485,0.0,-0.0,0.0,0.0,0.0,0.0,-5829.169341180323,-35.86640387898122,-2158.547352915546,5771.379314358798,0.0,-2940.490017582542,0.0,0.0,0.0,0.0,-1782.799945082943,-17.519438676134282,-1030.569913017179
t607,845.3407005289204,0.0,-0.0,0.0,0.0,0.0,0.0,7890.36241243024,-59.64964001144273,-8676.053472947719,7376.736808210895,0.0,-0.0,0.0,0.0,0.0,0.0,-4868.895878689519,-29.957919526562502,-2477.8830099948123,4234.292928875715,0.0,-0.0,0.0,0.0,0.0,0.0,-3021.4665337407205,-29.691720484880225,-1183.1346746501144
t608,3147.750129889741,0.0,-0.0,0.0,0.0,0.0,0.0,6295.7751002093755,-41.01520107251138,-9402.510029026605,8396.775225084351,0.0,-0.0,0.0,0.0,0.0,0.0,-5675.7950004017375,-34.922704060179356,-2686.0575206224353,1907.2124494726986,0.0,-0.0,0.0,0.0,0.0,0.0,-619.9800998076381,-6.092497012332024,-1281.1398526527285
t609,5571.782651491902,0.0,-116.91355167959212,0.0,0.0,0.0,0.0,4115.425077475931,-25.32187509456559,-9544.972302193675,6867.2267082662565,0.0,-0.0,0.0,0.0,0.0,0.0,-4115.425077475931,-25.32187509456559,-2726.47975569576,1301.3471058491436,0.0,-0.0,0.0,0.0,0.0,0.0,-0.0,-0.0,-1301.3471058491436
t610,7425.029571882228,0.0,-2895.8437335655512,0.0,0.0,0.0,0.0,5097.6705519068,-31.36555144573256,-9595.490838777743,7869.663641323957,0.0,-0.0,0.0,0.0,0.0,0.0,-5097.6705519068,-31.36555144573256,-2740.627537971424,1308.4196444678892,0.0,-0.0,0.0,0.0,0.0,0.0,-0.0,-0.0,-1308.4196444678892
t611,8564.192396241713,0.0,-2895.8437335655512,0.0,0.0,0.0,0.0,3996.1866993675517,-24.58821107199255,-9639.947150971722,6774.539674809798,0.0,-0.0,0.0,0.0,0.0,0.0,-3996.1866993675517,-24.58821107199255,-2753.7647643702544,1314.4818204268138,0.0,-0.0,0.0,0.0,0.0,0.0,-0.0,-0.0,-1314.4818204268138
t612,8621.99346978215,0.0,-2895.8437335655512,0.0,0.0,0.0,0.0,3876.01359588292,-23.848795760359547,-9578.31453633916,13132.809470635882,0.0,-6497.372320405344,0.0,0.0,0.0,0.0,-3876.01359588292,-23.848795760359547,-2735.574758587258,1305.3885564884267,0.0,-0.0,0.0,0.0,0.0,0.0,-0.0,-0.0,-1305.3885564884267
t613,8786.96736717882,0.0,-2895.8437335655512,0.0,0.0,0.0,0.0,3600.2227408103563,-22.151877106052748,-9469.194497317574,6326.62214432184,0.0,-0.0,0.0,0.0,0.0,0.0,-3600.2227408103563,-22.151877106052748,-2704.2475264054315,1290.2331165911153,0.0,-0.0,0.0,0.0,0.0,0.0,-0.0,-0.0,-1290.2331165911153
t614,8759.271019440694,0.0,-2895.8437335655512,0.0,0.0,0.0,0.0,3564.0431222079364,-21.929266861430975,-9405.541141221649,12770.412785973982,0.0,-6497.372320405344,0.0,0.0,0.0,0.0,-3564.0431222079364,-21.929266861430975,-2687.0680764992685,1282.1502153125493,0.0,-0.0,0.0,0.0,0.0,0.0,-0.0,-0.0,-1282.1502153125493
t615,8218.590144031172,0.0,-2895.8437335655512,0.0,0.0,0.0,0.0,3962.693848415348,-24.38213228975099,-9261.058126591217,6632.7112662542095,0.0,-0.0,0.0,0.0,0.0,0.0,-3962.693848415348,-24.38213228975099,-2645.6352855491104,1262.9533247759548,0.0,-0.0,0.0,0.0,0.0,0.0,-0.0,-0.0,-1262.9533247759548
t616,6613.406164251897,0.0,-2895.8437335655512,0.0,0.0,0.0,0.0,5410.072258865358,-33.28773368790945,-9094.346955863795,8041.499151891221,0.0,-0.0,0.0,0.0,0.0,0.0,-5410.072258865358,-33.28773368790945,-2598.139159337954,1239.7149836000772,0.0,-0.0,0.0,0.0,0.0,0.0,-0.0,-0.0,-1239.7149836000772
t617,4502.46279099378,0.0,-1343.5499379293622,0.0,0.0,0.0,0.0,5900.0,-36.30221915,-9022.610633914419,8513.219705074458,0.0,-0.0,0.0,0.0,0.0,0.0,-5900.0,-36.30221915,-2576.917485924458,1229.6113570018695,0.0,-0.0,0.0,0.0,0.0,0.0,-0.0,-0.0,-1229.6113570018695
t618,1868.9013778075278,0.0,-0.0,0.0,0.0,0.0,0.0,7151.07870964436,-48.898360853218165,-8971.08172659867,8416.397997001908,0.0,-0.0,0.0,0.0,0.0,0.0,-5817.831649367834,-35.79664398528086,-2562.7697036487943,2569.8979581874078,0.0,-0.0,0.0,0.0,0.0,0.0,-1333.2470602765259,-13.101716867937306,-1223.5491810429448
t619,390.15724639796326,0.0,-0.0,0.0,0.0,0.0,0.0,8573.254835863452,-67.09778980716402,-8896.314292454252,7237.443951885335,0.0,-0.0,0.0,0.0,0.0,0.0,-4668.183524756002,-28.722952770866414,-2540.5374743584657,5156.891702588484,0.0,-0.0,0.0,0.0,0.0,0.0,-3905.071311107449,-38.3748370362976,-1213.4455544447374
t620,0.0,1220.8440567335995,-0.0,0.0,0.0,0.0,0.0,8041.747320353089,-64.17623585972594,-9198.415141226973,6694.061141978928,0.0,-0.0,0.0,0.0,0.0,0.0,-4041.747320353089,-24.868541859725944,-2627.4452797661143,5294.1781174973885,0.0,-0.0,0.0,0.0,0.0,0.0,-4000.0,-39.307694,-1254.8704234973886
t621,0.0,0.0,-0.0,0.0,0.0,0.0,0.0,9447.402663753292,-71.16227375039982,-9376.240390002891,8614.275292757771,0.0,-0.0,0.0,0.0,0.0,0.0,-5900.0,-36.30221915,-2677.9730736077704,4860.371483026957,0.0,-0.0,0.0,0.0,0.0,0.0,-3547.4026637532916,-34.86005460039981,-1278.1087646732663
t622,0.0,0.0,-0.0,0.0,0.0,0.0,0.0,8954.550378648679,-66.31905204787658,-8888.2313266008,10363.527864457881,0.0,-1887.6987268262476,0.0,0.0,0.0,0.0,-5900.0,-36.30221915,-2539.526918481633,4295.99204067165,0.0,-0.0,0.0,0.0,0.0,0.0,-3054.5503786486775,-30.016832897876586,-1211.4248291250958
t623,0.0,0.0,-0.0,0.0,0.0,0.0,0.0,8219.86374246789,-59.099342677655635,-8160.764399790231,9655.2930921705,0.0,-1387.6384651664885,0.0,0.0,0.0,0.0,-5900.0,-36.30221915,-2331.35240785401,3455.0701544582034,0.0,-0.0,0.0,0.0,0.0,0.0,-2319.8637424678873,-22.79712352765563,-1112.409288462661
t624,0.0,0.0,-0.0,0.0,0.0,0.0,0.0,7427.0144142561185,-51.308072982292174,-7375.706341273825,8043.311222347057,0.0,-0.0,0.0,0.0,0.0,0.0,-5900.0,-36.30221915,-2107.009003197057,2547.3311146100696,0.0,-0.0,0.0,0.0,0.0,0.0,-1527.0144142561176,-15.005853832292175,-1005.31084652166
t625,0.0,0.0,-0.0,0.0,0.0,0.0,0.0,6870.897446591492,-45.84315408399993,-6825.0542925074915,9234.38376056027,0.0,-1348.7192549991792,0.0,0.0,0.0,0.0,-5900.0,-36.30221915,-1949.36228641109,1910.982391220415,0.0,-0.0,0.0,0.0,0.0,0.0,-970.8974465914916,-9.540934933999923,-930.5440096949235
t626,0.0,0.0,-0.0,0.0,0.0,0.0,0.0,6546.410848944976,-42.65444911215234,-6503.756399832824,9682.086095122953,0.0,-1888.3821743536764,0.0,0.0,0.0,0.0,-5900.0,-36.30221915,-1857.401701619276,1539.861494229759,0.0,-0.0,0.0,0.0,0.0,0.0,-646.4108489449762,-6.352229962152336,-887.0984153226306
t627,0.0,0.0,-0.0,0.0,0.0,0.0,0.0,6361.718791793973,-40.83949439547179,-6320.8792973985,7742.165571050788,0.0,-0.0,0.0,0.0,0.0,0.0,-5900.0,-36.30221915,-1805.863351900787,1328.0954158665554,0.0,-0.0,0.0,0.0,0.0,0.0,-461.71879179397206,-4.537275245471791,-861.8393488271115
t628,0.0,0.0,-0.0,0.0,0.0,0.0,0.0,6322.94366377332,-40.45845417871013,-6282.485209594609,7731.0494564056235,0.0,-0.0,0.0,0.0,0.0,0.0,-5900.0,-36.30221915,-1794.7472372556226,1283.8874343300365,0.0,-0.0,0.0,0.0,0.0,0.0,-422.9436637733188,-4.156235028710125,-856.7875355280077
t629,0.0,0.0,-0.0,0.0,0.0,0.0,0.0,6394.371531179785,-41.16037036748161,-6353.211160812303,9986.907990810769,0.0,-2235.647416868483,0.0,0.0,0.0,0.0,-5900.0,-36.30221915,-1814.958354792285,1365.1104818636609,0.0,-0.0,0.0,0.0,0.0,0.0,-494.37153117978465,-4.858151217481609,-865.8807994663946
t630,0.0,0.0,-0.0,0.0,0.0,0.0,0.0,6669.879019747582,-43.86776138131448,-6626.011258366267,7829.0733764584365,0.0,-0.0,0.0,0.0,0.0,0.0,-5900.0,-36.30221915,-1892.7711573084355,7280.034071733287,0.0,-5599.325291874628,0.0,0.0,0.0,0.0,-769.8790197475817,-7.565542231314474,-903.2642178797628
t631,875.4454263312325,0.0,-0.0,0.0,0.0,0.0,0.0,6144.462309385479,-44.308204188699015,-6975.599531528012,6394.512013689673,0.0,-0.0,0.0,0.0,0.0,0.0,-4374.7781710328145,-26.91765354194397,-1992.8161891149143,2737.825951890758,0.0,-0.0,0.0,0.0,0.0,0.0,-1769.6841383526641,-17.390550646755045,-950.7512628913387
t632,3079.111355060469,0.0,-1219.585766243031,0.0,0.0,0.0,0.0,5781.105580021822,-35.5706714737695,-7605.060497365491,7988.360830809967,0.0,-0.0,0.0,0.0,0.0,0.0,-5781.105580021822,-35.5706714737695,-2171.6845793143766,1036.6320889761037,0.0,-0.0,0.0,0.0,0.0,0.0,-0.0,-0.0,-1036.6320889761037
t633,5415.238077319879,0.0,-2203.2090008145065,0.0,0.0,0.0,0.0,4981.406251428652,-30.650186680431002,-8162.785141253593,7343.408845963092,0.0,-0.0,0.0,0.0,0.0,0.0,-4981.406251428652,-30.650186680431002,-2331.35240785401,1112.409288462661,0.0,-0.0,0.0,0.0,0.0,0.0,-0.0,-0.0,-1112.409288462661
t634,7134.8200151479405,0.0,-2895.8437335655512,0.0,0.0,0.0,0.0,4292.737401081941,-26.41286337075899,-8505.30081929357,9135.864177196418,0.0,-2387.337584836894,0.0,0.0,0.0,0.0,-4292.737401081941,-26.41286337075899,-2429.3763279068226,1158.8859708144162,0.0,-0.0,0.0,0.0,0.0,0.0,-0.0,-0.0,-1158.8859708144162
t635,8477.490785931053,0.0,-2895.8437335655512,0.0,0.0,0.0,0.0,3076.965391523049,-18.93231728136191,-8639.680126607189,10958.031497660555,0.0,-5394.356337629664,0.0,0.0,0.0,0.0,-3076.965391523049,-18.93231728136191,-2467.7774512264814,1178.0828613510105,0.0,-0.0,0.0,0.0,0.0,0.0,-0.0,-0.0,-1178.0828613510105
t636,8700.265756868162,0.0,-2895.8437335655512,0.0,0.0,0.0,0.0,2817.2293100361953,-17.334182340463943,-8604.317150998342,5292.235384834809,0.0,-0.0,0.0,0.0,0.0,0.0,-2817.2293100361953,-17.334182340463943,-2457.67189245815,1173.0310480519067,0.0,-0.0,0.0,0.0,0.0,0.0,-0.0,-0.0,-1173.0310480519067
t637,8441.36511496828,0.0,-2895.8437335655512,0.0,0.0,0.0,0.0,2950.6545651967526,-18.155137061308555,-8478.020809538173,10213.024177963678,0.0,-4822.92259481346,0.0,0.0,0.0,0.0,-2950.6545651967526,-18.155137061308555,-2421.2918808921577,1155.8548828349537,0.0,-0.0,0.0,0.0,0.0,0.0,-0.0,-0.0,-1155.8548828349537
t638,8151.1555582339915,0.0,-2895.8437335655512,0.0,0.0,0.0,0.0,3085.0837905882854,-18.98226912916079,-8321.413346127565,5480.893482028947,0.0,-0.0,0.0,0.0,0.0,0.0,-3085.0837905882854,-18.98226912916079,-2376.8274223115004,1134.6372669787177,0.0,-0.0,0.0,0.0,0.0,0.0,-0.0,-0.0,-1134.6372669787177
t639,6591.730761674231,0.0,-2895.8437335655512,0.0,0.0,0.0,0.0,4515.901874699243,-27.785976189021657,-8184.002926618902,12275.149804557195,0.0,-5393.035654677088,0.0,0.0,0.0,0.0,-4515.901874699243,-27.785976189021657,-2338.4262989918416,1116.450739101944,0.0,-0.0,0.0,0.0,0.0,0.0,-0.0,-0.0,-1116.450739101944
t640,4671.049255486728,0.0,-2398.2315341068497,0.0,0.0,0.0,0.0,5900.0,-36.30221915,-8136.515502229879,8260.58073586618,0.0,-0.0,0.0,0.0,0.0,0.0,-5900.0,-36.30221915,-2324.278516716178,6708.703492357828,0.0,-5599.325291874628,0.0,0.0,0.0,0.0,-0.0,-0.0,-1109.3782004831987
t641,3507.802650485392,0.0,-1201.6426949600286,0.0,0.0,0.0,0.0,5900.0,-36.30221915,-8169.857736375363,8269.675738757676,0.0,-0.0,0.0,0.0,0.0,0.0,-5900.0,-36.30221915,-2333.373519607676,1113.4196511224816,0.0,-0.0,0.0,0.0,0.0,0.0,-0.0,-0.0,-1113.4196511224816
t642,1629.2677604211244,0.0,-0.0,0.0,0.0,0.0,0.0,6686.670186748968,-44.032766894912825,-8271.90518027518,9637.106529354776,0.0,-1338.1246701689386,0.0,0.0,0.0,0.0,-5900.0,-36.30221915,-2362.6796400358367,1921.965462853853,0.0,-0.0,0.0,0.0,0.0,0.0,-786.670186748968,-7.7305477449128235,-1127.5647283599724
t643,215.54983674455377,0.0,-0.0,0.0,0.0,0.0,0.0,8167.498065248107,-61.6345558650948,-8321.413346127565,7477.9179573409765,0.0,-0.0,0.0,0.0,0.0,0.0,-5069.895878883222,-31.194656146254335,-2376.8274223115004,4262.679353062444,0.0,-0.0,0.0,0.0,0.0,0.0,-3097.6021863648853,-30.439899718840465,-1134.6372669787177
t644,0.0,0.0,-0.0,0.0,0.0,0.0,0.0,8705.573240831853,-63.8723727613017,-8641.700868070551,10998.446826473208,0.0,-2593.3566002198913,0.0,0.0,0.0,0.0,-5900.0,-36.30221915,-2468.788007103314,4011.2262557941654,0.0,-0.0,0.0,0.0,0.0,0.0,-2805.5732408318527,-27.57015361130169,-1178.0828613510105
t645,0.0,0.0,-0.0,0.0,0.0,0.0,0.0,8856.592160491238,-65.35642413184712,-8791.235736359391,8446.523017203474,0.0,-0.0,0.0,0.0,0.0,0.0,-5900.0,-36.30221915,-2510.220798053472,4183.936480020511,0.0,-0.0,0.0,0.0,0.0,0.0,-2956.5921604912387,-29.054204981847125,-1198.290114547426
t646,0.0,0.0,-0.0,0.0,0.0,0.0,0.0,8418.841373100184,-61.05468063209046,-8357.786692468093,8324.245756106664,0.0,-0.0,0.0,0.0,0.0,0.0,-5900.0,-36.30221915,-2387.9435369566645,3683.2829148600954,0.0,-0.0,0.0,0.0,0.0,0.0,-2518.8413731001833,-24.752461482090453,-1139.6890802778216
t647,0.0,0.0,-0.0,0.0,0.0,0.0,0.0,7767.82738159554,-54.65721594014468,-7713.170165655395,10441.412535771562,0.0,-2302.0985051253574,0.0,0.0,0.0,0.0,-5900.0,-36.30221915,-2203.0118114962033,2936.9595445992786,0.0,-0.0,0.0,0.0,0.0,0.0,-1867.8273815955397,-18.35499679014468,-1050.7771662135942
t648,0.0,0.0,-0.0,0.0,0.0,0.0,0.0,7111.711399561862,-48.20961437757235,-7063.5017851842895,10359.288088624235,0.0,-2404.9057834384903,0.0,0.0,0.0,0.0,-5900.0,-36.30221915,-2018.0800860357424,5530.330697197588,0.0,-3343.8362875991197,0.0,0.0,0.0,0.0,-1211.711399561862,-11.907395227572351,-962.8756148091879
t649,0.0,0.0,-0.0,0.0,0.0,0.0,0.0,6590.2879674946635,-43.08562619954054,-6547.202341295122,7805.830591291274,0.0,-0.0,0.0,0.0,0.0,0.0,-5900.0,-36.30221915,-1869.5283721412736,1589.221603165938,0.0,-0.0,0.0,0.0,0.0,0.0,-690.2879674946629,-6.783407049540539,-892.1502286217344
t650,0.0,0.0,-0.0,0.0,0.0,0.0,0.0,6261.71977742492,-39.85681173119172,-6221.862965693728,10749.34351231055,0.0,-3036.4840616879237,0.0,0.0,0.0,0.0,-5900.0,-36.30221915,-1776.5572314726264,1212.9686415957326,0.0,-0.0,0.0,0.0,0.0,0.0,-361.7197774249201,-3.554592581191717,-847.6942715896208
t651,0.0,0.0,-0.0,0.0,0.0,0.0,0.0,6069.779302999831,-38.87640559387677,-6030.902897405954,7411.246053189701,0.0,-0.0,0.0,0.0,0.0,0.0,-5653.462986192422,-34.785296996808604,-1722.997770000471,1241.8322678387578,0.0,-0.0,0.0,0.0,0.0,0.0,-416.31631680740867,-4.091108597068168,-821.424842434281
t652,0.0,0.0,-0.0,0.0,0.0,0.0,0.0,5994.375473703579,-37.22963971036132,-5957.145833993216,7637.067759860143,0.0,-0.0,0.0,0.0,0.0,0.0,-5900.0,-36.30221915,-1700.7655407101424,906.6241101000124,0.0,-0.0,0.0,0.0,0.0,0.0,-94.3754737035778,-0.9274205603613206,-811.3212158360733
t653,0.0,0.0,-0.0,0.0,0.0,0.0,0.0,6007.640649079064,-37.3599955739903,-5970.280653505073,7642.120539244309,0.0,-0.0,0.0,0.0,0.0,0.0,-5900.0,-36.30221915,-1705.818320094308,922.0403666587684,0.0,-0.0,0.0,0.0,0.0,0.0,-107.64064907906334,-1.057776423990301,-813.3419411557148
t654,0.0,0.0,-0.0,0.0,0.0,0.0,0.0,6157.787320161168,-48.075505684069206,-6109.711814477099,5151.082909661934,0.0,-0.0,0.0,0.0,0.0,0.0,-3385.025126646427,-20.827783724707643,-1745.2299992907997,3632.548747166413,0.0,-0.0,0.0,0.0,0.0,0.0,-2772.7621935147417,-27.247721959361563,-832.5388316923094
t655,730.9427424801349,1615.0990586748267,-0.0,0.0,0.0,0.0,0.0,4000.0,-39.307694,-6306.734107154962,1245.465556052953,556.3555723405015,-0.0,0.0,0.0,0.0,0.0,-0.0,-0.0,-1801.8211283934545,4899.12631750747,0.0,-0.0,0.0,0.0,0.0,0.0,-4000.0,-39.307694,-859.81862350747
t656,2763.61382865224,0.0,-0.0,0.0,0.0,0.0,0.0,4045.854014878202,-30.89060468029333,-6778.57723885015,4364.707168698608,0.0,-0.0,0.0,0.0,0.0,0.0,-2413.6312324241876,-14.850876262160584,-1936.2250600122595,2571.733981948326,0.0,-0.0,0.0,0.0,0.0,0.0,-1632.222782454015,-16.039728418132746,-923.4714710761781
t657,4803.5100490169,0.0,-2869.4049748241437,0.0,0.0,0.0,0.0,5526.121579364054,-34.00177569891831,-7426.224877857892,7681.280140535694,0.0,-0.0,0.0,0.0,0.0,0.0,-5526.121579364054,-34.00177569891831,-2121.156785472721,1012.3833851404052,0.0,-0.0,0.0,0.0,0.0,0.0,-0.0,-0.0,-1012.3833851404052
t658,6556.809279743549,0.0,-2895.8437335655512,0.0,0.0,0.0,0.0,4286.716809364351,-26.375819160598894,-7921.306536381752,9159.331526743372,0.0,-2583.604289989064,0.0,0.0,0.0,0.0,-4286.716809364351,-26.375819160598894,-2262.6346082293576,2886.3437597610723,0.0,-1806.2660764126758,0.0,0.0,0.0,0.0,-0.0,-0.0,-1080.0776833483965
t659,7602.0453595998215,0.0,-2895.8437335655512,0.0,0.0,0.0,0.0,3497.2991557970076,-21.518596675737793,-8181.982185155541,5856.233495587753,0.0,-0.0,0.0,0.0,0.0,0.0,-3497.2991557970076,-21.518596675737793,-2337.4157431150084,1115.4403764421231,0.0,-0.0,0.0,0.0,0.0,0.0,-0.0,-0.0,-1115.4403764421231
t660,6931.312068724311,0.0,-2895.8437335655512,0.0,0.0,0.0,0.0,4319.59572654898,-26.578120458404157,-8328.485941249335,10043.221083303957,0.0,-3318.198702231407,0.0,0.0,0.0,0.0,-4319.59572654898,-26.578120458404157,-2378.8485340651664,1135.6476296385385,0.0,-0.0,0.0,0.0,0.0,0.0,-0.0,-0.0,-1135.6476296385385
t661,5775.290597915531,0.0,-2895.8437335655512,0.0,0.0,0.0,0.0,5514.289543729448,-33.92897414796948,-8359.807433931457,11744.55062552931,0.0,-3808.388570695228,0.0,0.0,0.0,0.0,-5514.289543729448,-33.92897414796948,-2387.9435369566645,1139.6890802778216,0.0,-0.0,0.0,0.0,0.0,0.0,-0.0,-0.0,-1139.6890802778216
t662,5415.238077319879,0.0,-2895.8437335655512,0.0,0.0,0.0,0.0,5814.556970698884,-35.77649515431712,-8298.174819298894,14563.067683828554,0.0,-6342.980686801684,0.0,0.0,0.0,0.0,-5814.556970698884,-35.77649515431712,-2369.7535311736683,1131.6061789992555,0.0,-0.0,0.0,0.0,0.0,0.0,-0.0,-0.0,-1131.6061789992555
t663,4750.525731604831,0.0,-2367.577600471685,0.0,0.0,0.0,0.0,5900.0,-36.30221915,-8246.645911983145,8291.907968048006,0.0,-0.0,0.0,0.0,0.0,0.0,-5900.0,-36.30221915,-2355.6057488980045,1124.5336403805102,0.0,-0.0,0.0,0.0,0.0,0.0,-0.0,-0.0,-1124.5336403805102
t664,3942.5148910707776,0.0,-1542.3904574990477,0.0,0.0,0.0,0.0,5900.0,-36.30221915,-8263.822214421729,13181.039798981441,0.0,-4884.079051549272,0.0,0.0,0.0,0.0,-5900.0,-36.30221915,-2360.65852828217,1126.5543657001517,0.0,-0.0,0.0,0.0,0.0,0.0,-0.0,-0.0,-1126.5543657001517
t665,2697.3834318871536,0.0,-163.89006173348798,0.0,0.0,0.0,0.0,5900.0,-36.30221915,-8397.191151003666,8335.36187075183,0.0,-0.0,0.0,0.0,0.0,0.0,-5900.0,-36.30221915,-2399.059651601829,1144.7408935769254,0.0,-0.0,0.0,0.0,0.0,0.0,-0.0,-0.0,-1144.7408935769254
t666,1327.0163133659123,0.0,-0.0,0.0,0.0,0.0,0.0,7316.407910919335,-50.221151335399114,-8593.203072949847,9995.728474252037,0.0,-1604.7860302743854,0.0,0.0,0.0,0.0,-5900.0,-36.30221915,-2454.6402248276504,2602.34752849682,0.0,-0.0,0.0,0.0,0.0,0.0,-1416.4079109193349,-13.918932185399116,-1172.020685392086
t667,1.2041890320924793,1608.8657323621578,-0.0,0.0,0.0,0.0,0.0,7118.416383017129,-58.49505585376918,-8669.99124855763,5613.465643112044,0.0,-0.0,0.0,0.0,0.0,0.0,-3118.416383017129,-19.18736185376918,-2475.8618982411463,5221.432005990293,0.0,-0.0,0.0,0.0,0.0,0.0,-4000.0,-39.307694,-1182.1243119902936
t668,0.0,2895.8437335655512,-0.0,0.0,0.0,0.0,0.0,6141.869626526301,-52.486443249641766,-8985.22691684221,1988.3848092520539,2732.4649378031827,-0.0,0.0,0.0,0.0,0.0,-2141.8696265263006,-13.178749249641767,-2565.801371279294,5263.867237702765,0.0,-0.0,0.0,0.0,0.0,0.0,-4000.0,-39.307694,-1224.5595437027657
t669,0.0,2895.8437335655512,-0.0,0.0,0.0,0.0,0.0,6282.164007389786,-53.34966314110275,-9124.658077814236,1406.3374895254933,3497.102649234848,-0.0,0.0,0.0,0.0,0.0,-2282.164007389787,-14.041969141102758,-2607.234162229452,5284.07449089918,0.0,-0.0,0.0,0.0,0.0,0.0,-4000.0,-39.307694,-1244.766796899181
t670,0.0,2895.8437335655512,-0.0,0.0,0.0,0.0,0.0,5758.945040212424,-49.461252047951376,-8605.327521730023,4164.436105111309,246.23791906696457,-0.0,0.0,0.0,0.0,0.0,-1941.0589541714119,-11.943177548711933,-2457.67189245815,5028.435208592158,0.0,-0.0,0.0,0.0,0.0,0.0,-3817.8860860410123,-37.51807449923945,-1173.0310480519067
t671,0.0,2895.8437335655512,-0.0,0.0,0.0,0.0,0.0,5027.071675140517,-44.04444305493252,-7878.8709656511355,2785.674728678105,931.6689980359633,-0.0,0.0,0.0,0.0,0.0,-1457.8656604142307,-8.970128592477439,-2250.5079377073603,4678.295836578213,0.0,-0.0,0.0,0.0,0.0,0.0,-3569.2060147262864,-35.074314462455085,-1074.0155073894718
t672,0.0,1299.8502759642124,-0.0,0.0,0.0,0.0,0.0,5936.1164577931495,-51.22046077130994,-7184.746272986051,4000.468210412528,0.0,-0.0,0.0,0.0,0.0,0.0,-1936.1164577931495,-11.91276677130994,-2052.4389858480686,5018.349111366319,0.0,-0.0,0.0,0.0,0.0,0.0,-4000.0,-39.307694,-979.0414173663202
t673,0.0,2895.843733565551,-0.0,0.0,0.0,20.44788286776708,0.0,3938.599239614552,-38.92990012551031,-6815.96095592236,1092.1499634224124,787.570633451102,-0.0,0.0,0.0,5.842023523972272,0.0,61.40076038544762,0.37779387448968776,-1947.3411746574238,10567.15627024991,0.0,-5599.325291874628,0.0,0.0,0.0,0.0,-4000.0,-39.307694,-928.523284375282
t674,0.0,0.0,-0.0,0.0,0.0,19.46277140437777,0.0,6522.958951528983,-54.83125480760328,-6487.590468125923,911.8006310389503,3473.4737567660413,-0.0,0.0,0.0,5.557046766705332,0.0,-2522.9589515289827,-15.523560807603282,-1852.3489222351106,10181.318526605299,0.0,-5260.595707244161,0.0,0.0,2.6522019820295055,0.0,-4000.0,-39.307694,-884.0673273431684
t675,0.0,2340.2170138868187,-0.0,0.0,0.0,18.959606780000456,0.0,4000.0,-39.307694,-6319.868926666819,1013.563694584301,786.8820672607837,-0.0,0.0,0.0,5.417590055702361,0.0,-0.0,-0.0,-1805.863351900787,10273.72312466743,0.0,-5375.161599886798,0.0,0.0,2.5855180464813348,0.0,-4000.0,-39.307694,-861.8393488271115
t676,0.0,2312.0115045412026,-0.0,0.0,0.0,18.874735638539224,0.0,4000.0,-39.307694,-6291.578546179741,930.4152613035474,860.9627826587138,-0.0,0.0,0.0,5.390305047027867,0.0,-0.0,-0.0,-1796.7683490092888,10495.420521402635,0.0,-5599.325291874628,0.0,0.0,0.0,0.0,-4000.0,-39.307694,-856.7875355280077
t677,0.0,0.0,-0.0,0.0,0.0,19.386993599501665,0.0,6497.619549768117,-54.675343533729915,-6462.331199833889,1765.3651400774602,2588.368789437576,-0.0,0.0,0.0,5.538856760922336,0.0,-2497.619549768117,-15.367649533729919,-1846.2855869741118,10519.669225238335,0.0,-5599.325291874628,0.0,0.0,0.0,0.0,-4000.0,-39.307694,-881.036239363706
t678,445.5499418742173,2411.9514323109242,-0.0,0.0,0.0,20.99651417507005,0.0,4160.6362457245605,-40.29607572808919,-6998.838058356683,2155.5150374646373,0.0,-0.0,0.0,0.0,5.999670240758238,0.0,-160.6362457245604,-0.9883817280891936,-1999.8900802527462,10592.41533674543,0.0,-5599.325291874628,0.0,0.0,0.0,0.0,-4000.0,-39.307694,-953.782350870801
t679,1069.3198604981214,0.0,-0.0,0.0,0.0,24.39742205790946,0.0,7097.12076238272,-58.36402563559874,-8132.474019303153,2391.260874694809,3041.214376280337,-0.0,0.0,0.0,6.969803882518035,0.0,-3097.120762382721,-19.05633163559874,-2323.267960839345,10747.000823698007,0.0,-5599.325291874628,0.0,0.0,0.0,0.0,-4000.0,-39.307694,-1108.3678378233778
t680,2548.063991907686,0.0,-0.0,0.0,0.0,27.301227540761648,0.0,6580.227584846448,-55.183624041012024,-9100.409180253882,3684.1833211360463,1504.279984029758,-0.0,0.0,0.0,7.80048081327486,0.0,-2580.227584846447,-15.875930041012024,-2600.16027109162,10879.358332134527,0.0,-5599.325291874628,0.0,0.0,0.0,0.0,-4000.0,-39.307694,-1240.7253462598978
t681,3723.3524872299454,0.0,-2895.8437335655512,0.0,0.0,28.577325774875185,0.0,8738.150325646911,-68.46114679445391,-9525.77525829173,9697.32886059224,0.0,-2216.762386768215,0.0,0.0,8.164280928934783,0.0,-4738.150325646911,-29.15345279445391,-2721.4269763115944,10936.94900374431,0.0,-5599.325291874628,0.0,0.0,0.0,0.0,-4000.0,-39.307694,-1298.3160178696814
t682,4783.038835471328,0.0,-2895.8437335655512,0.0,0.0,0.0,0.0,7963.859059237027,-57.53065895551708,-9793.523502187287,14971.535403334912,0.0,-6497.372320405344,0.0,0.0,0.0,0.0,-5642.228245303735,-34.716170551751894,-2797.2186670740784,9279.470030494736,0.0,-5599.325291874628,0.0,0.0,0.0,0.0,-2321.630813933292,-22.81448840376519,-1335.6994362830496
t683,5304.452686367371,0.0,-2895.8437335655512,0.0,0.0,30.041352965081458,0.0,7636.818759352483,-61.68474342556694,-10013.78432169382,12190.462298973604,0.0,-5679.972978152135,0.0,0.0,8.579619394313195,0.0,-3636.8187593524835,-22.37704942556694,-2859.873131437732,11003.63293929248,0.0,-5599.325291874628,0.0,0.0,0.0,0.0,-4000.0,-39.307694,-1364.9999534178519
t684,5757.227762434144,0.0,-2895.8437335655512,0.0,0.0,0.0,0.0,7279.687292040966,-57.57141872972464,-10083.499902179832,13202.013162660516,0.0,-6497.372320405344,0.0,0.0,0.0,0.0,-3801.1683144372646,-23.388278843514865,-2880.0842489743945,10487.1309893806,0.0,-5599.325291874628,0.0,0.0,0.0,0.0,-3478.518977603701,-34.18313988620978,-1375.1035800160596
t685,6072.725288842373,0.0,-2895.8437335655512,0.0,0.0,0.0,0.0,6934.164263092488,-48.76370155478568,-10062.282116814524,14679.154929519758,0.0,-6497.372320405344,0.0,0.0,0.0,0.0,-5274.298808808935,-32.45233071524846,-2875.031469590229,8647.574609034315,0.0,-5599.325291874628,0.0,0.0,0.0,0.0,-1659.8654542835527,-16.31137083953722,-1372.0724920365972
t686,5582.620352780734,0.0,-2895.8437335655512,0.0,0.0,30.08681964800712,0.0,7366.401730155111,-54.32528634926118,-10028.93988266904,14300.600610387697,0.0,-6497.372320405344,0.0,0.0,8.594777732465692,0.0,-4916.645438218167,-30.25171867475317,-2864.9259108218976,8370.028676227868,0.0,-4533.279199915135,0.0,0.0,4.10106203621248,0.0,-2449.7562919369434,-24.07356767450801,-1367.0206787374934
t687,4935.970842547073,0.0,-2895.8437335655512,0.0,0.0,29.768552867527497,0.0,7916.360032087543,-63.404738094092025,-9922.8509558425,12909.43898461478,0.0,-6142.876501619791,0.0,0.0,8.503827703550712,0.0,-3916.3600320875435,-24.097044094092038,-2834.609234516904,8625.677539714352,0.0,-3238.5602025906915,0.0,0.0,4.055595716520545,0.0,-4000.0,-39.307694,-1351.865238840182
t688,4153.24797168696,0.0,-2895.8437335655512,0.0,0.0,29.56849946265459,0.0,8637.032728427312,-67.83897845984588,-9856.166487551529,12527.39210829434,0.0,-5054.865648568678,0.0,0.0,8.446226018571224,0.0,-4637.032728427312,-28.53128445984588,-2815.4086728570746,7767.094362163746,0.0,-2388.035677614816,0.0,0.0,4.031347012684847,0.0,-4000.0,-39.307694,-1343.7823375616158
t689,3049.0066292581573,0.0,-2895.8437335655512,0.0,0.0,29.73824174557706,0.0,9804.870701416356,-75.02459032885267,-9912.747248525686,11856.699116684369,0.0,-3193.0286847534157,0.0,0.0,8.494732700659215,0.0,-5804.8707014163565,-35.71689632885267,-2831.577566886405,6419.748717555176,0.0,-1032.631380431515,0.0,0.0,4.055595716520545,0.0,-4000.0,-39.307694,-1351.865238840182
t690,1693.089779122026,0.0,-1533.7368972432887,0.0,0.0,30.041352965081458,0.0,9900.0,-75.60991315,-10013.78432169382,11829.61605531297,0.0,-3042.020324119552,0.0,0.0,8.579619394313195,0.0,-5900.0,-36.30221915,-2859.873131437732,6214.970095675949,0.0,-814.7574481183515,0.0,0.0,4.094999860253555,0.0,-4000.0,-39.307694,-1364.9999534178519
t691,315.4975264082296,0.0,-0.0,0.0,0.0,29.786739540697756,0.0,9657.748272296585,-74.11935801295668,-9928.913180232586,8289.5192495725,230.15361775959877,-0.0,0.0,0.0,8.506859371181212,0.0,-5657.748272296585,-34.8116640129567,-2835.6197903937373,6152.027397764134,0.0,-762.8953974967905,0.0,0.0,4.06165789247947,0.0,-4000.0,-39.307694,-1353.8859641598235
t692,0.0,0.0,-0.0,0.0,0.0,29.43513052607265,0.0,9857.62422328095,-75.34917844947348,-9811.71017535755,3829.7785428917387,4857.751796957555,-0.0,0.0,0.0,8.406814339374732,0.0,-5857.624223280951,-36.041484449473494,-2802.271446458244,4697.536911223355,675.4777838945283,-0.0,0.0,0.0,4.013160484808074,0.0,-4000.0,-39.307694,-1337.7201616026912
t693,0.0,2173.35111195425,-0.0,0.0,0.0,29.495752769973528,0.0,7691.089391468875,-62.01866620192258,-9831.917589991177,6513.710141044883,0.0,-0.0,0.0,0.0,8.42500434515773,0.0,-3691.0893914688754,-22.710972201922583,-2808.334781719243,5952.818657836882,0.0,-576.7819680034752,0.0,0.0,4.0222537487464605,0.0,-4000.0,-39.307694,-1340.7512495821536
t694,0.0,0.0,-0.0,0.0,0.0,28.019601130987084,0.0,9384.284198385203,-72.43675585350198,-9339.867043662362,3865.2770461364353,4212.00012639719,-0.0,0.0,0.0,8.003602544518317,0.0,-5384.284198385202,-33.12906185350199,-2667.867514839439,7093.029034862476,0.0,-1784.4835603424362,0.0,0.0,3.819170854122487,0.0,-4000.0,-39.307694,-1273.0569513741623
t695,0.0,0.0,-0.0,0.0,0.0,25.167324555450644,0.0,8430.509116099633,-66.56825550486808,-8389.108185150215,2999.0919788328533,3847.517598791063,-0.0,0.0,0.0,7.188083951913988,0.0,-4430.509116099633,-27.260561504868075,-2396.0279839713294,8064.621119868521,0.0,-2885.014086544168,0.0,0.0,3.431191592751314,0.0,-4000.0,-39.307694,-1143.7305309171047
t696,0.0,0.0,-0.0,0.0,0.0,22.484790262836675,0.0,7533.494293759101,-61.04899640971481,-7494.930087612224,4971.613631327025,718.5657641421463,-0.0,0.0,0.0,6.424103709028149,0.0,-3533.4942937591018,-21.741302409714816,-2141.367903009383,7249.046420917755,0.0,-2191.3265077862006,0.0,0.0,3.064429947236376,0.0,-4000.0,-39.307694,-1021.4766490787921
t697,0.0,0.0,-2117.106309718825,0.0,0.0,20.744931862881398,0.0,9081.91496810576,-70.57630262268482,-6914.977287627132,7081.885881510366,0.0,-0.0,0.0,0.0,5.923878549995754,0.0,-5081.91496810576,-31.268608622684837,-1974.6261833319181,7422.119407386381,0.0,-2442.9713568584466,0.0,0.0,2.828005084838318,0.0,-4000.0,-39.307694,-942.6683616127726
t698,0.0,0.0,-1138.380497130548,0.0,0.0,19.805287082417745,0.0,7782.921271127206,-62.583700273162094,-6601.762360805915,5686.23745177246,0.0,-0.0,0.0,0.0,5.657091798511811,0.0,-3782.9212711272066,-23.276006273162103,-1885.6972661706036,8138.545770466825,0.0,-3201.705645956226,0.0,0.0,2.700699389700902,0.0,-4000.0,-39.307694,-900.2331299003006
t699,0.0,0.0,-684.6617224610885,0.0,0.0,19.332433579990873,0.0,7168.275651413403,-58.801835868681074,-6444.144526663625,5023.47890244926,0.0,-0.0,0.0,0.0,5.523698422769839,0.0,-3168.2756514134026,-19.494141868681076,-1841.2328075899463,7121.497958537028,0.0,-2206.8191286069377,0.0,0.0,2.6340154541527316,0.0,-4000.0,-39.307694,-878.0051513842437
t700,0.0,0.0,-2090.6860810580733,0.0,0.0,19.19603353121389,0.0,8537.393799515648,-67.22590825082511,-6398.6778437379635,6386.915784004811,0.0,-0.0,0.0,0.0,5.4812550759428476,0.0,-4537.3937995156475,-27.918214250825116,-1827.0850253142826,8472.168120537957,0.0,-3563.533280038915,0.0,0.0,2.6158289262759573,0.0,-4000.0,-39.307694,-871.9429754253191
t701,0.0,0.0,-964.152016594169,0.0,0.0,19.66585592144572,0.0,7560.989640860857,-61.21817303956112,-6555.285307148572,5449.842479552876,0.0,-0.0,0.0,0.0,5.6176801193153185,0.0,-3560.989640860857,-21.91047903956112,-1872.560039771773,8125.857859918416,0.0,-3196.069056410705,0.0,0.0,2.679481773844666,0.0,-4000.0,-39.307694,-893.1605912815552
t702,573.1939792760202,0.0,-424.9344985842498,0.0,0.0,21.17838090677269,0.0,6947.465650588641,-57.44320992962139,-7059.460302257564,4975.611963877493,0.0,-0.0,0.0,0.0,6.048176922846228,0.0,-2947.4656505886414,-18.135515929621388,-2016.058974282076,8128.56409894809,0.0,-3129.2694169833294,0.0,0.0,2.888626844427564,0.0,-4000.0,-39.307694,-962.8756148091879
t703,1572.6708759127778,0.0,-0.0,0.0,0.0,24.59141323839228,0.0,6655.522363658425,-55.64690667851765,-8197.13774613076,3762.099185504392,1244.1959835550251,-0.0,0.0,0.0,7.024373899867024,0.0,-2655.5223636584246,-16.339212678517654,-2341.4579666223412,7940.9701587215095,0.0,-2787.553746265031,0.0,0.0,3.352383305285294,0.0,-4000.0,-39.307694,-1117.4611017617647
t704,2961.100829915407,0.0,-0.0,0.0,0.0,27.4285342529535,0.0,6207.203826070841,-52.888439254702064,-9142.8447509845,3890.317507635731,933.9096202693864,-0.0,0.0,0.0,7.833829157210353,0.0,-2207.2038260708414,-13.58074525470206,-2611.2763857367845,4962.931550840795,319.42330281137066,-0.0,0.0,0.0,3.7403625666564677,0.0,-4000.0,-39.307694,-1246.7875222188225
t705,4211.049045227401,0.0,-2250.947818548302,0.0,0.0,28.565201326095018,0.0,7594.4916555654345,-61.424308205624186,-9521.733775365004,6327.855916735314,0.0,-0.0,0.0,0.0,8.158217593673786,0.0,-3594.491655565435,-22.11661420562419,-2719.4058645579285,9234.025947559652,0.0,-3900.2971837435803,0.0,0.0,3.8949480536090446,0.0,-4000.0,-39.307694,-1298.3160178696814
t706,5256.285125083672,0.0,-2895.8437335655512,0.0,0.0,29.189610438274084,0.0,7400.469650757802,-60.23050662283622,-9729.870146091362,7610.222131704486,0.0,-1418.1380930166388,0.0,0.0,8.337085983873246,0.0,-3400.4696507578014,-20.922812622836215,-2779.0286612910822,9069.94245720617,0.0,-3709.0157409503836,0.0,0.0,3.976787429054526,0.0,-4000.0,-39.307694,-1325.5958096848422
t707,5957.123141761495,0.0,-2895.8437335655512,0.0,0.0,29.704899511431577,0.0,6867.600669982766,-56.951807212949355,-9901.633170477191,10586.775621842346,0.0,-4881.470577088495,0.0,0.0,8.485637697767716,0.0,-2867.6006699827662,-17.644113212949357,-2828.545899255905,7868.359782426552,0.0,-2483.2571084465735,0.0,0.0,4.049533540561621,0.0,-4000.0,-39.307694,-1349.8445135205404
t708,5793.353433396918,0.0,-2895.8437335655512,0.0,0.0,29.97466849679049,0.0,7122.592548729714,-58.5207514610412,-9991.55616559683,11239.39456129536,0.0,-5251.333064107201,0.0,0.0,8.5644610561607,0.0,-3122.5925487297136,-19.213057461041206,-2854.8203520535662,7714.959621347629,0.0,-2317.7689685055548,0.0,0.0,4.085906596315169,0.0,-4000.0,-39.307694,-1361.9688654383897
t709,5819.845592102953,0.0,-2895.8437335655512,0.0,0.0,29.914046252889612,0.0,7075.664855361264,-58.23200918835214,-9971.348750963203,9144.638599596363,0.0,-3209.8386833045574,0.0,0.0,8.546271050377703,0.0,-3075.664855361264,-18.924315188352146,-2848.757016792568,8251.344267491482,0.0,-2856.168277793091,0.0,0.0,4.0798444203562445,0.0,-4000.0,-39.307694,-1359.9481401187481
t710,7214.296491266043,0.0,-2895.8437335655512,0.0,0.0,29.920108477279697,0.0,5674.608047081934,-49.6114208331393,-9973.369492426566,9784.557390198688,0.0,-5259.434870541426,0.0,0.0,8.546271050377703,0.0,-1674.6080470819336,-10.303726833139299,-2848.757016792568,8264.653715001237,0.0,-2869.477725302846,0.0,0.0,4.0798444203562445,0.0,-4000.0,-39.307694,-1359.9481401187481
t711,6029.374483687044,0.0,-2895.8437335655512,0.0,0.0,29.60184169680007,0.0,6760.440432788783,-56.29245900705411,-9867.280565600024,9860.996245695904,0.0,-4273.586028433955,0.0,0.0,8.455321021462725,0.0,-2760.4404327887833,-16.98476500705411,-2818.4403404875743,9003.981943923094,0.0,-3622.9085962304807,0.0,0.0,4.037409188643772,0.0,-4000.0,-39.307694,-1345.8030628812573
t712,5075.6567702698,0.0,-2895.8437335655512,0.0,0.0,29.416943852902392,0.0,7658.2344830383345,-61.81651262802451,-9805.647950967463,7965.194267464902,0.0,-1491.5938578888758,0.0,0.0,8.403782671744233,0.0,-3658.2344830383354,-22.50881862802451,-2801.260890581411,9045.230222570866,0.0,-3673.2228590248255,0.0,0.0,4.010129396828611,0.0,-4000.0,-39.307694,-1336.7097989428705
t713,3677.593304010432,0.0,-1358.7165085443278,0.0,0.0,29.50181499436362,0.0,7546.689908948606,-61.13018795453319,-9833.93833145454,6369.429704486427,0.0,-0.0,0.0,0.0,8.428036012788228,0.0,-3546.6899089486055,-21.82249395453319,-2809.345337596076,5792.160850786568,0.0,-416.1241609531601,0.0,0.0,4.0222537487464605,0.0,-4000.0,-39.307694,-1340.7512495821536
t714,2404.033086494892,0.0,-0.0,0.0,0.0,266.06193514438047,0.0,7243.314266802402,-59.26354235352244,-9854.145746088167,3510.651401549858,2558.5736362353664,-0.0,0.0,0.0,8.443194350940724,0.0,-3243.3142668024016,-19.955848353522434,-2814.3981169802414,4570.686782851368,807.3645701257221,-0.0,0.0,0.0,4.028315924705385,0.0,-4000.0,-39.307694,-1342.7719749017951
t715,1488.81375021813,0.0,-0.0,0.0,0.0,263.1975341200639,0.0,8060.336146315752,-64.29061139088489,-9748.056819261627,2484.596038537408,4376.452221522451,-0.0,0.0,0.0,8.352244322025745,0.0,-4060.336146315751,-24.98291739088489,-2784.081440675248,3781.4037781203606,1582.544932850951,-0.0,0.0,0.0,3.9858806929929127,0.0,-4000.0,-39.307694,-1328.6268976643044
t716,595.3054884055102,2895.8437335655512,-0.0,0.0,0.0,262.3245738078913,0.0,6013.9505275277825,-51.69936745891045,-9715.724955847823,1453.6649740963858,3339.338705360706,-0.0,0.0,0.0,8.324959313351249,0.0,-2013.9505275277832,-12.391673458910455,-2774.98643778375,2345.890541930954,3014.028842752992,-0.0,0.0,0.0,3.973756341075064,0.0,-4000.0,-39.307694,-1324.5854470250213
t717,565.2007626031983,2895.8437335655512,-0.0,0.0,0.0,265.10713480294163,0.0,6145.137690890959,-52.506551383330255,-9818.78277047932,1252.3253878308985,3701.890840980665,-0.0,0.0,0.0,8.412877674635732,0.0,-2145.1376908909583,-13.19885738333026,-2804.2925582119105,2905.447354674822,2468.5746720149027,-0.0,0.0,0.0,4.016191572787536,0.0,-4000.0,-39.307694,-1338.730524262512
t718,565.2007626031983,2895.8437335655512,-0.0,0.0,0.0,255.20449126173273,0.0,5786.066422582241,-50.29721513373509,-9452.01819487899,1211.024897473616,3277.1282090225623,-0.0,0.0,0.0,8.097584241063798,0.0,-1786.0664225822413,-10.98952113373509,-2699.194747021266,2939.993361182315,2383.6620869153444,-0.0,0.0,0.0,3.864637173814421,0.0,-4000.0,-39.307694,-1288.2123912714737
t719,565.2007626031983,0.0,-0.0,0.0,0.0,229.7249621501926,0.0,7775.946994854037,-62.54078811965681,-8508.331931488614,1234.8392240818857,4986.4290638149105,-0.0,0.0,0.0,7.288128983720467,0.0,-3775.9469948540377,-23.233094119656812,-2429.3763279068226,2662.9436510157993,2532.7806874580147,-0.0,0.0,0.0,3.479689000422711,0.0,-4000.0,-39.307694,-1159.8963334742368
t720,565.2007626031983,2880.712430386823,-0.0,0.0,0.0,205.52759349715603,0.0,4000.0000000000837,-39.307694,-7612.13309248726,1540.0485034631602,627.136070531762,-0.0,0.0,0.0,6.52111707320413,0.0,-8.31119742359596e-11,-0.0,-2173.705691068043,2728.988724934027,2344.84849334699,-0.0,0.0,0.0,3.1129273549077734,0.0,-4000.0,-39.307694,-1037.6424516359243
t721,565.2007626031983,2246.6189147446676,-0.0,0.0,0.0,187.93198720492538,0.0,4000.0,-39.307694,-6960.443970552792,1330.2895784579453,652.5180652528139,-0.0,0.0,0.0,5.966321896822746,0.0,-0.0,-0.0,-1988.7739656075819,3108.660219899346,1876.5318200596362,-0.0,0.0,0.0,2.8461916127150912,0.0,-4000.0,-39.307694,-948.7305375716971
t722,565.2007626031983,1911.384978567919,-0.0,0.0,0.0,178.62950387833524,0.0,4000.0,-39.307694,-6615.907551049453,1227.4821590240613,656.588112184841,-0.0,0.0,0.0,5.669218469033808,0.0,-0.0,-0.0,-1889.739489677936,3728.569008847747,1210.285778806535,-0.0,0.0,0.0,2.7067615656598263,0.0,-4000.0,-39.307694,-902.253855219942
t723,565.2007626031983,1751.14119089399,-0.0,0.0,0.0,174.18286228820565,0.0,4000.0,-39.307694,-6451.217121785394,1162.185873184676,674.5307601917032,-0.0,0.0,0.0,5.5267300904003385,0.0,-0.0,-0.0,-1842.2433634667793,3164.986835605359,1750.6993258965733,-0.0,0.0,0.0,2.637046542132194,0.0,-4000.0,-39.307694,-879.0155140440645
t724,565.2007626031983,1686.2572032468765,-0.0,0.0,0.0,172.38238164434946,0.0,4000.0,-39.307694,-6384.532653494425,1740.1169346140532,77.45673878747606,-0.0,0.0,0.0,5.469128405420851,0.0,-0.0,-0.0,-1823.0428018069501,2694.8609188316796,2211.759258523681,-0.0,0.0,0.0,2.6097667503170334,0.0,-4000.0,-39.307694,-869.9222501056777
t725,565.2007626031983,1851.4164445304368,-0.0,0.0,0.0,176.96542328325603,0.0,4000.0,-39.307694,-6554.274936416891,1783.2319681314286,83.71039152102911,-0.0,0.0,0.0,5.6176801193153185,0.0,-0.0,-0.0,-1872.560039771773,2889.289226641599,2040.4995768661113,-0.0,0.0,0.0,2.679481773844666,0.0,-4000.0,-39.307694,-893.1605912815552
t726,2059.5993514299653,0.0,-0.0,0.0,0.0,21.10866532628668,0.0,5000.980403515569,-45.46664484292842,-7036.221775428893,3011.105006462466,0.0,-0.0,0.0,0.0,6.029986917063232,0.0,-1000.9804035155701,-6.158950842928416,-2009.9956390210773,253.06516732075485,4742.20018835664,-0.0,0.0,0.0,2.8765024925097147,0.0,-4000.0,-39.307694,-958.8341641699049
t727,2036.7197598202083,0.0,-0.0,0.0,0.0,220.5588788723794,0.0,5962.954318894474,-51.38559194338071,-8168.847365643682,3020.8464746477634,1280.5591412389442,-0.0,0.0,0.0,7.000120558823028,0.0,-1962.9543188944742,-12.07789794338071,-2333.373519607676,402.3126381586323,4747.074448010481,-0.0,0.0,0.0,3.340258953367445,0.0,-4000.0,-39.307694,-1113.4196511224816
t728,3386.6513366823547,0.0,-0.0,0.0,0.0,131.14778236970682,0.0,5648.225081504776,-49.449088596154745,-9116.575111960785,4254.756363216086,0.0,-0.0,0.0,0.0,7.8126074837968575,0.0,-1648.2250815047764,-10.141394596154747,-2604.2024945989524,2142.5512159235486,3135.7743114412524,-0.0,0.0,0.0,3.728238214738618,0.0,-4000.0,-39.307694,-1242.7460715795394
t729,4669.845066454634,0.0,-0.0,0.0,0.0,28.51367241877926,0.0,4845.160846198327,-38.96211214531987,-9504.55747292642,5076.332779174106,0.0,-0.0,0.0,0.0,8.146090923151787,0.0,-2354.6273985654216,-14.487830481240055,-2715.3636410505956,1944.1695626454275,1862.2372417521062,-0.0,0.0,0.0,3.8858547896706574,0.0,-2490.5334476329053,-24.474281664079818,-1295.2849298902192
t730,5865.604775322466,0.0,-1153.7322674362113,0.0,0.0,29.192641550469126,0.0,5026.879935921448,-37.06456853513089,-9730.880516823043,6148.500626150681,0.0,-0.0,0.0,0.0,8.337085983873246,0.0,-3357.152763497622,-20.65628734585064,-2779.0286612910822,3008.761807440735,0.0,-0.0,0.0,0.0,3.979818517033988,0.0,-1669.727172423826,-16.40828118928025,-1326.6061723446628
t731,6667.594670696057,0.0,-1269.9760004821328,0.0,0.0,29.8443306724036,0.0,4551.324782602094,-30.67755935388968,-9948.110224134532,6680.294122142258,0.0,-0.0,0.0,0.0,8.525049376964208,0.0,-3823.6096870840483,-23.52635878043865,-2841.6831256547357,2087.7125970743655,0.0,-0.0,0.0,0.0,4.070751156417857,0.0,-727.7150955180462,-7.151200573451033,-1356.9170521392857
t732,6613.406164251897,0.0,-1092.2330912756988,0.0,0.0,30.16259745288322,0.0,4533.373174650857,-30.509694118864278,-10054.199150961074,6708.1800550366925,0.0,-0.0,0.0,0.0,8.615999405879188,0.0,-3821.284202221237,-23.512050261604788,-2871.9998019597297,2086.035559275526,0.0,-0.0,0.0,0.0,4.113186388130329,0.0,-712.0889724296202,-6.997643857259487,-1371.0621293767765
t733,6666.390481663965,0.0,-1499.362768054726,0.0,0.0,30.23534414556428,0.0,4913.251914869974,-32.06692410335087,-10078.448048521426,7311.093893016763,0.0,-0.0,0.0,0.0,8.637221079292685,0.0,-4413.5015059328625,-27.15591506563217,-2879.0736930975613,1874.6323556789998,0.0,-0.0,0.0,0.0,4.122279652068716,0.0,-499.7504089371111,-4.911009037718706,-1374.0932173562387
t734,6576.07630425703,0.0,-1554.5180374891752,0.0,0.0,30.344464184585863,0.0,5095.422593210596,-32.50392930108097,-10114.821394861954,7691.745135971902,0.0,-0.0,0.0,0.0,8.667537755597678,0.0,-4781.811326487353,-29.422095374253576,-2889.1792518658926,1691.7006962134465,0.0,-0.0,0.0,0.0,4.1374350919660285,0.0,-313.61126672324224,-3.081833926827397,-1379.1450306553427
t735,6138.95568560746,0.0,-537.9796372124224,0.0,0.0,30.123192994347647,0.0,4437.671626009951,-27.706535950121477,-10041.064331449215,7215.273133288669,0.0,-0.0,0.0,0.0,8.60690440298769,0.0,-4328.280347141314,-26.631556221112213,-2868.96813432923,1475.4005384426105,0.0,-0.0,0.0,0.0,4.107124212171405,0.0,-109.39127886863743,-1.0749797290092666,-1369.041404057135
t736,5135.866221874424,0.0,-0.0,0.0,0.0,29.93829515044996,0.0,4849.487419729943,-35.860219938162544,-9979.431716816654,6071.45274278798,0.0,-0.0,0.0,0.0,8.549302718008203,0.0,-3210.4806470693425,-19.75382576724493,-2849.767572669401,1071.3707484535373,1940.6180456482143,-0.0,0.0,0.0,4.0828755083357064,0.0,-1639.0067726606007,-16.106394170917614,-1360.9585027785688
t737,3734.190188518778,0.0,-0.0,0.0,0.0,29.93223292605988,0.0,6266.542096706307,-53.253542797853015,-9977.410975353292,5121.706215455553,0.0,-0.0,0.0,0.0,8.549302718008203,0.0,-2266.5420967063073,-13.945848797853017,-2849.767572669401,983.9932584270758,4411.182731271316,-0.0,0.0,0.0,4.0798444203562445,0.0,-4000.0,-39.307694,-1359.9481401187481
t738,2570.2632211090176,1628.1166806875697,-0.0,0.0,0.0,268.3807359735892,0.0,5521.938679165809,-48.672058654904866,-9940.027258281081,4362.4460716800795,0.0,-0.0,0.0,0.0,8.51898604170321,0.0,-1521.9386791658087,-9.364364654904868,-2839.6620139010697,600.4581109215903,4789.681220917595,-0.0,0.0,0.0,4.064688980458932,0.0,-4000.0,-39.307694,-1354.8963268196442
t739,1797.3932531669523,2895.8437335655512,-0.0,0.0,0.0,263.68857429566106,0.0,4853.879476229791,-44.56154482606458,-9766.24349243189,2796.5299207441117,843.3702237109795,-0.0,0.0,0.0,8.367402660178241,0.0,-853.879476229791,-5.253850826064592,-2789.1342200594136,879.0874810970781,4487.883224589757,-0.0,0.0,0.0,3.9949739569313003,0.0,-4000.0,-39.307694,-1331.6579856437668
t740,803.9373016906569,2895.8437335655512,-0.0,0.0,0.0,261.5607335347401,0.0,5776.330114996466,-50.23730842666888,-9687.434575360745,1416.7511625274308,3130.117375901685,-0.0,0.0,0.0,8.303737639937754,0.0,-1776.3301149964666,-10.929614426668886,-2767.912546645918,879.6581839193734,4477.239206049049,-0.0,0.0,0.0,3.9646630771366764,0.0,-4000.0,-39.307694,-1321.554359045559
t741,706.3979900911661,2895.8437335655512,-0.0,0.0,0.0,266.6893753687546,0.0,6060.438578539374,-51.98540464800862,-9877.384272916837,1295.3445636771844,3590.779317603917,-0.0,0.0,0.0,8.46441602435422,0.0,-2060.438578539374,-12.677710648008617,-2821.4720081180735,1855.5873008079911,3525.4860468846227,-0.0,0.0,0.0,4.037409188643772,0.0,-4000.0,-39.307694,-1345.8030628812573
t742,706.3979900911661,2895.8437335655512,-0.0,0.0,0.0,257.4414520616753,0.0,5725.107559375038,-49.922140216568515,-9534.868594876862,1463.078444232259,2987.9213051604124,-0.0,0.0,0.0,8.170344264195784,0.0,-1725.1075593750377,-10.61444621656852,-2723.448088065261,2267.0594193347633,3068.6840076249914,-0.0,0.0,0.0,3.9010102295679685,0.0,-4000.0,-39.307694,-1300.336743189323
t743,706.3979900911661,459.8858270620383,-0.0,0.0,0.0,230.7616025208977,0.0,7208.7313561411365,-59.05075652273088,-8546.726019292506,1244.8075372074775,4416.837846680721,-0.0,0.0,0.0,7.321477327655961,0.0,-3208.7313561411365,-19.74306252273088,-2440.492442551987,2443.5321968247276,2757.228799508293,-0.0,0.0,0.0,3.4948444403200214,0.0,-4000.0,-39.307694,-1164.9481467733406
t744,706.3979900911661,2739.515202898942,-0.0,0.0,0.0,205.52759349715603,0.0,4000.0,-39.307694,-7612.13309248726,1203.662871557346,963.5217024374929,-0.0,0.0,0.0,6.52111707320413,0.0,-0.0,-0.0,-2173.705691068043,1687.5726234571753,3386.2645948238414,-0.0,0.0,0.0,3.1129273549077734,0.0,-4000.0,-39.307694,-1037.6424516359243
t745,706.3979900911661,2146.7114975775894,-0.0,0.0,0.0,189.07774761465203,0.0,4000.0,-39.307694,-7002.879541283409,1238.379922014465,755.510487997523,-0.0,0.0,0.0,5.999670240758238,0.0,-0.0,-0.0,-1999.8900802527462,969.2861300658506,4020.942567752338,-0.0,0.0,0.0,2.8613470526124027,0.0,-4000.0,-39.307694,-953.782350870801
t746,706.3979900911661,1800.6635634596562,-0.0,0.0,0.0,179.47518418075254,0.0,4000.0,-39.307694,-6647.229043731575,1188.1498192654626,703.9806456170603,-0.0,0.0,0.0,5.693471810077803,0.0,-0.0,-0.0,-1897.823936692601,624.9561334276772,4317.92798051397,-0.0,0.0,0.0,2.7188859175776754,0.0,-4000.0,-39.307694,-906.2953058592251
t747,706.3979900911661,1625.673414956837,-0.0,0.0,0.0,174.61934244429202,0.0,4000.0,-39.307694,-6467.383053492295,1157.9949892426162,683.7592651797759,-0.0,0.0,0.0,5.541888428552835,0.0,-0.0,-0.0,-1847.296142850945,616.4148711353026,4302.2932850821535,-0.0,0.0,0.0,2.6461398060705807,0.0,-4000.0,-39.307694,-882.0466020235268
t748,706.3979900911661,1578.4850603043908,-0.0,0.0,0.0,173.30990197603293,0.0,4000.0,-39.307694,-6418.885258371591,1145.4522369470228,682.1966785465326,-0.0,0.0,0.0,5.499445081725844,0.0,-0.0,-0.0,-1833.1483605752812,728.6623391270565,4182.994496087511,-0.0,0.0,0.0,2.6249221902143445,0.0,-4000.0,-39.307694,-874.9740634047814
t749,706.3979900911661,1731.847212924839,-0.0,0.0,0.0,177.56558349787477,0.0,4000.0,-39.307694,-6576.503092513881,1144.7508185958093,728.2366863118641,-0.0,0.0,0.0,5.6358701250983145,0.0,-0.0,-0.0,-1878.6233750327717,612.7403666696827,4321.077763125393,-0.0,0.0,0.0,2.6916061257625152,0.0,-4000.0,-39.307694,-897.2020419208383
t750,1428.9114093466537,0.0,-0.0,0.0,0.0,190.65998818046504,0.0,5490.387573466762,-48.47792727295375,-7061.481043720927,2373.556798462074,1137.019329846074,-0.0,0.0,0.0,6.051208590476727,0.0,-1490.387573466762,-9.170233272953748,-2017.069530158909,399.80959991021393,4599.485082054547,-0.0,0.0,0.0,2.888626844427564,0.0,-4000.0,-39.307694,-962.8756148091879
t751,2169.487664083528,1224.46915581329,-0.0,0.0,0.0,220.88623898944417,0.0,4609.18471343078,-43.05595789318544,-8180.971814423858,2943.3364732096284,0.0,-0.0,0.0,0.0,7.012247229345025,0.0,-609.18471343078,-3.748263893185444,-2337.4157431150084,276.14568583354014,4875.256063479257,-0.0,0.0,0.0,3.3463211293263693,0.0,-4000.0,-39.307694,-1115.4403764421231
t752,3356.819492556699,0.0,-0.0,0.0,0.0,27.270916418811204,0.0,5756.329309059362,-50.11424509780357,-9090.305472937069,4355.465553598699,0.0,-0.0,0.0,0.0,7.788354142752862,0.0,-1756.3293090593613,-10.806551097803569,-2596.1180475842875,220.5186233717192,5053.777577705716,-0.0,0.0,0.0,3.7161138628207695,0.0,-4000.0,-39.307694,-1238.7046209402563
t753,4767.384378054126,0.0,-0.0,0.0,0.0,28.54095242853466,0.0,4753.707724488297,-35.98224545940284,-9513.650809511553,5649.297169143159,0.0,-0.0,0.0,0.0,8.155185926043286,0.0,-2921.08385549359,-17.97319089451784,-2718.3953086810952,227.13295408074347,2916.9137077230794,-0.0,0.0,0.0,3.8919169656295822,0.0,-1832.6238689947063,-18.009054564885,-1297.3056552098608
t754,5882.463421771761,0.0,-0.0,0.0,0.0,29.595779472409987,0.0,3978.334745679214,-25.134122786724205,-9865.259824136661,6633.2153284693295,0.0,-0.0,0.0,0.0,8.455321021462725,0.0,-3799.850140774817,-23.38016822840098,-2818.4403404875743,218.0185450170809,1302.9783365664111,-0.0,0.0,0.0,4.03437810066431,0.0,-178.48460490439632,-1.7539545583232277,-1344.7927002214367
t755,7031.259758387987,0.0,-1860.4328995519554,0.0,0.0,30.489957569947983,0.0,4992.722186282016,-30.719812705335066,-10163.31918998266,7918.059052026483,0.0,-0.0,0.0,0.0,8.70998110242467,0.0,-4992.722186282016,-30.719812705335066,-2903.3270341415564,319.39899381247835,1062.6599227537872,-0.0,0.0,0.0,4.158652707822264,0.0,-0.0,-0.0,-1386.217569274088
t756,7227.54257061906,0.0,-2266.470067163261,0.0,0.0,31.074962223591474,0.0,5399.395314839255,-33.22203932148778,-10358.320741197158,8382.648238706019,0.0,-0.0,0.0,0.0,8.876722822102133,0.0,-5399.395314839255,-33.22203932148778,-2958.9076073673778,427.5411841736473,980.7083532604921,-0.0,0.0,0.0,4.237460995288283,0.0,-0.0,-0.0,-1412.4869984294278
t757,7001.155032585675,0.0,-2514.4382232139246,0.0,0.0,31.144677804077485,0.0,5900.0,-36.30221915,-10381.559268025829,9097.596357254848,0.0,-204.21058409515246,0.0,0.0,8.89794449551563,0.0,-5900.0,-36.30221915,-2965.98149850521,625.2730593020622,785.9984728476011,-0.0,0.0,0.0,4.24655425922667,0.0,-0.0,-0.0,-1415.51808640889
t758,6856.652348734578,0.0,-2301.436445237757,0.0,0.0,31.350793433340485,0.0,5900.0,-36.30221915,-10450.264477780162,9412.092790956964,0.0,-499.5640578224192,0.0,0.0,8.955546180495118,0.0,-5900.0,-36.30221915,-2985.1820601650393,867.7650727384022,552.572443557833,-0.0,0.0,0.0,4.273834051041831,0.0,-0.0,-0.0,-1424.611350347277
t759,6175.081356570235,0.0,-837.994933848532,0.0,0.0,31.141646691882443,0.0,5043.352162704482,-31.03133482391942,-10380.548897294148,8031.467051538096,0.0,-0.0,0.0,0.0,8.89794449551563,0.0,-5043.352162704482,-31.03133482391942,-2965.98149850521,661.6900309609714,749.5815011886917,-0.0,0.0,0.0,4.24655425922667,0.0,-0.0,-0.0,-1415.51808640889
t760,4952.829488996367,0.0,-0.0,0.0,0.0,30.996153306520327,0.0,5387.141139302089,-38.91567943153239,-10332.051102173444,6782.365280279007,0.0,-0.0,0.0,0.0,8.85246948105814,0.0,-3816.909456599019,-23.485132808333052,-2950.823160352713,656.5220021108803,2333.3604383621628,-0.0,0.0,0.0,4.225336643370435,0.0,-1570.2316827030695,-15.430546623199335,-1408.4455477901447
t761,3599.3210169244207,0.0,-0.0,0.0,0.0,30.91128216505909,0.0,6729.6313156169235,-56.1028930200387,-10303.760721686365,5681.344536044198,0.0,-0.0,0.0,0.0,8.831247807644642,0.0,-2729.631315616923,-16.795199020038705,-2943.749269214881,490.44619096099626,4949.052387898413,-0.0,0.0,0.0,4.213212291452585,0.0,-4000.0,-39.307694,-1404.4040971508616
t762,1907.4354268344873,2895.8437335655512,-0.0,0.0,0.0,275.9100186660786,0.0,5186.307347584658,-46.60694642563957,-10218.889580225134,3909.7935472581976,194.55049313847329,-0.0,0.0,0.0,8.758487784512658,0.0,-1186.3073475846577,-7.299252425639571,-2919.495928170886,805.5669238872347,4622.85100768192,-0.0,0.0,0.0,4.1798703236785,0.0,-4000.0,-39.307694,-1393.2901078928332
t763,906.754341165637,2895.8437335655512,-0.0,0.0,0.0,270.23577663695613,0.0,5987.434835232513,-51.53621856524658,-10008.732468035412,2414.834519449402,2435.114828182574,-0.0,0.0,0.0,8.576587726682698,0.0,-1987.4348352325126,-12.22852456524658,-2858.862575560899,872.7312857116682,4527.48136184593,-0.0,0.0,0.0,4.094999860253555,0.0,-4000.0,-39.307694,-1364.9999534178519
t764,61.41364063671645,2895.8437335655512,-0.0,0.0,0.0,267.26225557361795,0.0,6730.188751383137,-56.1063228768772,-9898.602058282146,2251.1140905151947,3314.9260270937552,-0.0,0.0,0.0,8.482606030137218,0.0,-2730.188751383137,-16.798628876877206,-2827.5353433790724,3060.336994044882,2324.765679935097,-0.0,0.0,0.0,4.049533540561621,0.0,-4000.0,-39.307694,-1349.8445135205404
t765,0.0,2895.8437335655512,-0.0,0.0,0.0,271.7088971637475,0.0,6953.218463334499,-57.478606517592404,-10063.292487546205,2933.266336529329,2904.52941450422,-0.0,0.0,0.0,8.625094408770687,0.0,-2953.2184633344987,-18.170912517592402,-2875.031469590229,3918.030611656703,1489.2333569037842,-0.0,0.0,0.0,4.116217476109791,0.0,-4000.0,-39.307694,-1372.0724920365972
t766,0.0,2895.8437335655512,-0.0,0.0,0.0,262.6246539152006,0.0,6623.822506456257,-55.451860040691066,-9726.839033896318,1602.448611026459,3807.202112568496,-0.0,0.0,0.0,8.33405431624275,0.0,-2623.822506456257,-16.144166040691072,-2778.0181054142495,5444.501924070351,0.0,-83.57520781456441,0.0,0.0,3.976787429054526,0.0,-4000.0,-39.307694,-1325.5958096848422
t767,0.0,2895.8437335655512,-0.0,0.0,0.0,236.6540846280633,0.0,5682.125957062604,-49.6576779205407,-8764.966097335677,1848.6940115931825,2339.419395584856,-0.0,0.0,0.0,7.509440720746921,0.0,-1682.125957062604,-10.349983920540701,-2503.1469069156406,6022.845399876638,0.0,-792.8717879602196,0.0,0.0,3.582745991724429,0.0,-4000.0,-39.307694,-1194.2486639081428
t768,0.0,2895.8437335655512,-0.0,0.0,0.0,210.65623533117054,0.0,4739.440230621265,-43.85740947463385,-7802.082790043353,2589.2985308151938,376.28229657248517,-0.0,0.0,0.0,6.684827125251095,0.0,-739.4402306212651,-4.549715474633848,-2228.2757084170316,6562.054042659132,0.0,-1462.0262035102414,0.0,0.0,3.1917356423737933,0.0,-4000.0,-39.307694,-1063.9118807912644
t769,0.0,2812.9162357897444,-0.0,0.0,0.0,192.5695888633428,0.0,4167.056750858441,-40.335580572906785,-7132.206994938621,2199.2534431838326,0.0,-0.0,0.0,0.0,6.111841943086715,0.0,-167.0567508584406,-1.0278865729067899,-2037.2806476955714,4769.639869397436,238.72079671389557,-0.0,0.0,0.0,2.9159066362427244,0.0,-4000.0,-39.307694,-971.9688787475748
t770,0.0,2638.7957102888995,-0.0,0.0,0.0,183.13070548797566,0.0,4000.0,-39.307694,-6782.618721776876,1401.1385654734522,530.2853435679731,-0.0,0.0,0.0,5.811706847667279,0.0,-0.0,-0.0,-1937.2356158890927,5311.08211862939,0.0,-350.06603639459934,0.0,0.0,2.7734455012079966,0.0,-4000.0,-39.307694,-924.4818337359989
t771,0.0,2436.279021572154,-0.0,0.0,0.0,177.51102347836397,0.0,4000.0,-39.307694,-6574.482351050518,1184.4077418353122,687.5722388631584,-0.0,0.0,0.0,5.632838457467815,0.0,-0.0,-0.0,-1877.6128191559385,4878.948339372944,53.86245885029028,-0.0,0.0,0.0,2.688575037783053,0.0,-4000.0,-39.307694,-896.1916792610175
t772,0.0,2345.8346751549675,-0.0,0.0,0.0,175.00126258086755,0.0,4000.0,-39.307694,-6481.528243735835,1154.2166740293294,691.5676772298731,-0.0,0.0,0.0,5.5540150990748325,0.0,-0.0,-0.0,-1851.3383663582774,4199.342267422689,720.3732203666084,-0.0,0.0,0.0,2.649170894050043,0.0,-4000.0,-39.307694,-883.0569646833476
t773,0.0,2491.3321020000076,-0.0,0.0,0.0,179.0387040246662,0.0,4000.0,-39.307694,-6631.0631120246735,1143.0693115493318,745.0310564963809,-0.0,0.0,0.0,5.681345139555806,0.0,-0.0,-0.0,-1893.7817131852685,4968.126327354863,0.0,-28.264208128740087,0.0,0.0,2.7097926536392887,0.0,-4000.0,-39.307694,-903.2642178797628
t774,1412.5137346444783,300.0304747504432,-0.0,0.0,0.0,191.0146283072852,0.0,5217.858101171652,-46.80107564107393,-7074.615863232784,3240.399901217969,0.0,-0.0,0.0,0.0,6.063335260998725,0.0,-1217.8581011716522,-7.493381641073929,-2021.1117536662418,5232.4288340549065,0.0,-232.1268205183049,0.0,0.0,2.891657932407026,0.0,-4000.0,-39.307694,-963.8859774690087
t775,1313.770234012895,1021.5019171891433,-0.0,0.0,0.0,220.7498389406672,0.0,5669.47782562135,-49.57985499860538,-8175.919960765452,4008.138434087214,0.0,-0.0,0.0,0.0,7.006183894084027,0.0,-1669.4778256213503,-10.272160998605381,-2335.3946313613424,3496.7983221158606,1653.5960956250951,-0.0,0.0,0.0,3.3432900413469073,0.0,-4000.0,-39.307694,-1114.4300137823025
t776,3062.252708611175,0.0,-0.0,0.0,0.0,27.513405394414736,0.0,6133.805844924634,-52.43682745864497,-9171.135131471578,4759.445252845676,0.0,-0.0,0.0,0.0,7.861114165884848,0.0,-2133.805844924634,-13.12913345864497,-2620.3713886282826,2453.147392215053,2832.2294561526373,-0.0,0.0,0.0,3.749455830594855,0.0,-4000.0,-39.307694,-1249.818610198285
t777,4940.7875986754425,0.0,-0.0,0.0,0.0,29.04714816510702,0.0,4747.824682963037,-35.27670810124731,-9682.382721702339,5874.035040054859,0.0,-0.0,0.0,0.0,8.297674304676756,0.0,-3097.3833322606265,-19.057947206658053,-2765.8914348922517,1283.5687725955454,1699.673703398035,-0.0,0.0,0.0,3.9616319891572145,0.0,-1650.4413507024103,-16.218760894589256,-1320.5439963857382
t778,6464.08672427243,0.0,-935.7805558795756,0.0,0.0,30.229281921174188,0.0,4545.862176226589,-27.97031948255484,-10076.427307058064,7444.268967727413,0.0,-0.0,0.0,0.0,8.637221079292685,0.0,-4545.862176226589,-27.97031948255484,-2879.0736930975613,677.7296486460885,692.2412890580815,-0.0,0.0,0.0,4.122279652068716,0.0,-0.0,-0.0,-1374.0932173562387
t779,7632.150085402134,0.0,-2895.8437335655512,0.0,0.0,31.30532675041482,0.0,5702.584777593817,-35.08753937587539,-10435.10891680494,9050.817718257067,0.0,-340.94898413963915,0.0,0.0,8.943419509973118,0.0,-5702.584777593817,-35.08753937587539,-2981.1398366577064,1422.0290870591525,-3.706233906600076,-0.0,0.0,0.0,4.267771875082906,0.0,-0.0,-0.0,-1422.5906250276355
t780,7998.223551158248,0.0,-2895.8437335655512,0.0,0.0,31.972171433324515,0.0,5557.401270770748,-34.36278202193086,-10657.390477774838,9796.480515919466,0.0,-1216.379341850379,0.0,0.0,9.13138290306408,0.0,-5511.526283915254,-33.911972035538426,-3043.79430102136,1494.8685971496773,0.0,-0.0,0.0,0.0,4.358704514466775,0.0,-45.87498685549332,-0.45080998639243836,-1452.9015048222584
t781,7450.31754155617,0.0,-2895.8437335655512,0.0,0.0,32.2328470820983,0.0,6198.000686492293,-40.42498086557764,-10744.282360699433,10238.229038329087,0.0,-1569.1522131168858,0.0,0.0,9.207174593826565,0.0,-5574.923750384014,-34.302051479827185,-3069.058197942188,2088.823313092076,0.0,-0.0,0.0,0.0,4.39204648224086,0.0,-623.07693610828,-6.122929385750455,-1464.0154940802868
t782,7267.280808678113,0.0,-2895.8437335655512,0.0,0.0,32.6390161162342,0.0,6521.650869363641,-46.0549218477025,-10879.672038744733,8792.419355559841,0.0,-755.8577371513264,0.0,0.0,9.32237796378554,0.0,-4908.224768132454,-30.199906978000385,-3107.4593212618465,3108.043863563919,0.0,-0.0,0.0,0.0,4.449637153850643,0.0,-1613.4261012311863,-15.855014869702124,-1483.2123846168813
t783,6408.694028796175,0.0,-2895.8437335655512,0.0,0.0,32.62992277964907,0.0,7391.335010465005,-60.17430192558783,-10876.64092654969,9937.17068296577,0.0,-3426.8321212771175,0.0,0.0,9.32237796378554,0.0,-3391.3350104650053,-20.86660792558783,-3107.4593212618465,5915.31936978903,0.0,-397.24892832599943,0.0,0.0,4.449637153850643,0.0,-4000.0,-39.307694,-1483.2123846168813
t784,4709.583304513687,0.0,-2895.8437335655512,0.0,0.0,32.38137157965546,0.0,9017.851710644709,-70.1821266206825,-10793.790526551818,12622.675322116645,0.0,-4499.992816574055,0.0,0.0,9.249617940653556,0.0,-5017.851710644711,-30.874432620682484,-3083.205980217852,6697.840989207019,0.0,-1191.8585266060848,0.0,0.0,4.4132640980970965,0.0,-4000.0,-39.307694,-1471.088032699032
t785,3459.635089201693,0.0,-1644.0620837262084,0.0,0.0,32.16616261380733,0.0,8940.495977031498,-66.18094051834628,-10722.054204602444,11524.401132324258,0.0,-2535.3005592903132,0.0,0.0,9.185952920413067,0.0,-5900.0,-36.30221915,-3061.984306804356,4527.983482854207,0.0,-0.0,0.0,0.0,4.3859843062819355,0.0,-3040.495977031497,-29.87872136834628,-1461.9947687606452
t786,1892.9851584493776,427.5545389244453,-0.0,0.0,0.0,284.39410170000684,0.0,7992.051540480578,-63.87046177637645,-10533.11487777803,7016.013879053158,0.0,-0.0,0.0,0.0,9.025274535996603,0.0,-3992.0515404805788,-24.562767776376447,-3008.4248453322007,2944.293592078106,2526.432265508383,-0.0,0.0,0.0,4.307176018815916,0.0,-4000.0,-39.307694,-1435.7253396053054
t787,906.754341165637,2895.8437335655512,-0.0,0.0,0.0,275.9918586953448,0.0,6196.151192293503,-52.82043329985975,-10221.920692420177,4506.004805301577,615.4040908873619,-0.0,0.0,0.0,8.761519452143158,0.0,-2196.1511922935033,-13.512739299859753,-2920.5064840477194,2770.061915814513,2658.3560157546417,-0.0,0.0,0.0,4.1798703236785,0.0,-4000.0,-39.307694,-1393.2901078928332
t788,0.0,1982.0866071291618,-0.0,0.0,0.0,270.6176967735317,0.0,7833.065588547748,-62.89223417148883,-10022.877658278952,6710.966213390264,0.0,-0.0,0.0,0.0,8.588714397204695,0.0,-3833.0655885477477,-23.58454017148883,-2862.9047990682316,2039.4854546582746,3362.7418560430065,-0.0,0.0,0.0,4.10106203621248,0.0,-4000.0,-39.307694,-1367.0206787374934
t789,0.0,1698.7451269351884,-0.0,0.0,0.0,272.9637776124958,0.0,8203.230465144614,-65.1698284887519,-10109.769541203548,7108.596789534459,0.0,-0.0,0.0,0.0,8.66450608796718,0.0,-4203.230465144615,-25.862134488751906,-2888.1686959890594,2834.261821820693,2579.046136170842,-0.0,0.0,0.0,4.134404003986565,0.0,-4000.0,-39.307694,-1378.1346679955218
t790,0.0,2895.8437335655512,-0.0,0.0,0.0,265.2708148614741,0.0,6719.772680081452,-56.04223363906774,-9824.844994869409,4892.909309735568,641.492638940631,-0.0,0.0,0.0,8.41894100989673,0.0,-2719.772680081452,-16.734539639067748,-2806.3136699655765,1874.9635334329828,3500.065824828583,-0.0,0.0,0.0,4.019222660766998,0.0,-4000.0,-39.307694,-1339.7408869223327
t791,0.0,2093.146771058287,-0.0,0.0,0.0,242.81936683278286,0.0,6713.346438301725,-56.002693497135795,-8993.309882695661,5291.167977591926,0.0,-0.0,0.0,0.0,7.70649911672938,0.0,-2713.346438301726,-16.694999497135797,-2568.8330389097932,2485.663522576623,2775.5373680668754,-0.0,0.0,0.0,3.67670971908776,0.0,-4000.0,-39.307694,-1225.5699063625864
t792,0.0,345.7384095992011,-0.0,0.0,0.0,218.64927818950167,0.0,7595.162160404538,-61.42843376725304,-8098.1214144259875,5923.505815036591,0.0,-0.0,0.0,0.0,6.939487206213041,0.0,-3595.162160404538,-22.12073976725305,-2313.1624020710137,3668.586171584132,1471.7349304384104,-0.0,0.0,0.0,3.3129791615522843,0.0,-4000.0,-39.307694,-1104.3263871840948
t793,0.0,0.0,-969.9019024852203,0.0,0.0,22.233207950648016,0.0,8419.802133366979,-61.064121949734094,-7411.069316882673,9464.972725468213,0.0,-1418.9148122479223,0.0,0.0,6.348312018265667,0.0,-5900.0,-36.30221915,-2116.1040060885553,3550.8882764361733,0.0,-0.0,0.0,0.0,3.0280568914828287,0.0,-2519.802133366979,-24.7619027997341,-1009.352297160943
t794,0.0,0.0,-2878.7834104919484,0.0,0.0,20.89951858482864,0.0,9900.0,-75.60991315,-6966.50619494288,8685.653487764894,0.0,-765.5361006949306,0.0,0.0,5.969353564453245,0.0,-5900.0,-36.30221915,-1989.7845214844149,5863.187873994074,0.0,-876.9885024632513,0.0,0.0,2.8492227006945536,0.0,-4000.0,-39.307694,-949.7409002315179
t795,0.0,0.0,-2895.8437335655512,0.0,0.0,20.159927209237896,0.0,9669.853382538655,-74.19383976970967,-6719.975736412632,10234.587583392893,0.0,-2616.559581808749,0.0,0.0,5.757136830318291,0.0,-5669.853382538655,-34.88614576970967,-1919.0456101060965,7804.571383120776,0.0,-2851.613953460716,0.0,0.0,2.749196797372298,0.0,-4000.0,-39.307694,-916.3989324574328
t796,0.0,0.0,-2895.8437335655512,0.0,0.0,19.66585592144572,0.0,9504.640483056726,-73.17729826404866,-6555.285307148572,9111.791127441886,0.0,-1706.3386804686518,0.0,0.0,5.6176801193153185,0.0,-5504.640483056726,-33.86960426404866,-1872.560039771773,9648.842718902988,0.0,-4719.053915395279,0.0,0.0,2.679481773844666,0.0,-4000.0,-39.307694,-893.1605912815552
t797,0.0,0.0,-2895.8437335655512,0.0,0.0,19.574922555594398,0.0,9474.233200943489,-72.99020473539942,-6524.974185198133,8592.866162516313,0.0,-1227.0758090677898,0.0,0.0,5.590395110640825,0.0,-5474.2332009434895,-33.682510735399404,-1863.465036880275,8984.304257790393,0.0,-4058.544780570049,0.0,0.0,2.6673574219268166,0.0,-4000.0,-39.307694,-889.1191406422721
t798,1449.8435946393452,0.0,-2895.8437335655512,0.0,0.0,19.671918145835804,0.0,8047.848042498181,-64.21377310587584,-6557.306048611935,6748.601416889796,0.0,-808.904935633282,0.0,0.0,5.6176801193153185,0.0,-4047.8480424981803,-24.906079105875836,-1872.560039771773,8596.980405513854,0.0,-3667.1916020061435,0.0,0.0,2.679481773844666,0.0,-4000.0,-39.307694,-893.1605912815552
t799,1239.1105140231614,647.1891051666659,-0.0,0.0,0.0,189.15958764391823,0.0,4975.762930430972,-45.31148378626293,-7005.910653478453,2976.6646544384253,0.0,-0.0,0.0,0.0,6.0027019083887385,0.0,-975.7629304309718,-6.0037897862629395,-2000.9006361295794,6396.344701660714,0.0,-1405.1086722706848,0.0,0.0,2.864378140591865,0.0,-4000.0,-39.307694,-954.7927135306218
t800,2906.912323471245,0.0,-991.4102187315201,0.0,0.0,23.303190555498563,0.0,5879.798832886106,-50.873943015143325,-7767.730185166188,4103.888245310207,0.0,-0.0,0.0,0.0,6.657542116576601,0.0,-1879.7988328861063,-11.566249015143333,-2219.1807055255335,6461.608010606132,0.0,-1366.616829316449,0.0,0.0,3.1765802024764813,0.0,-4000.0,-39.307694,-1058.8600674921604
t801,4401.310912298012,0.0,-1935.419971764403,0.0,0.0,25.7008003017784,0.0,6127.741205316147,-52.39951222540201,-8566.933433926133,4580.049134021095,0.0,-0.0,0.0,0.0,7.339667333438957,0.0,-2127.7412053161465,-13.091818225402015,-2446.5557778129855,8386.752483410457,0.0,-3182.969492361912,0.0,0.0,3.5039377042584094,0.0,-4000.0,-39.307694,-1167.979234752803
t802,5345.395113458515,0.0,-2895.8437335655512,0.0,0.0,27.246667521250856,0.0,6661.105720286208,-55.681260616804835,-9082.22250708362,5702.716350243057,0.0,-438.9224183169147,0.0,0.0,7.782290807491863,0.0,-2661.1057202862085,-16.373566616804837,-2594.096935830621,8444.273796426596,0.0,-3169.977595349161,0.0,0.0,3.7161138628207695,0.0,-4000.0,-39.307694,-1238.7046209402563
t803,6082.3588010991125,0.0,-2895.8437335655512,0.0,0.0,28.11053449683841,0.0,6208.448662212431,-52.89609863002712,-9370.178165612802,5806.710201716136,0.0,-915.7415046959331,0.0,0.0,8.030887553192812,0.0,-2208.448662212431,-13.588404630027116,-2676.962517730937,9274.983694982167,0.0,-3962.4088941747627,0.0,0.0,3.831295206040336,0.0,-4000.0,-39.307694,-1277.0984020134454
t804,6291.8876926832045,0.0,-2895.8437335655512,0.0,0.0,28.46820573585361,0.0,6117.224551207472,-52.33480410977866,-9489.401911951201,5981.282495627621,0.0,-1148.8509052289385,0.0,0.0,8.130932584999291,0.0,-2117.2245512074733,-13.027110109778658,-2710.3108616664304,10308.998106849489,0.0,-4979.298669320782,0.0,0.0,3.882823701691195,0.0,-4000.0,-39.307694,-1294.2745672303984
t805,6387.018626218511,0.0,-2895.8437335655512,0.0,0.0,28.492454633413956,0.0,6029.613269552353,-51.79573903407416,-9497.484877804653,7009.492991824196,0.0,-2263.1966997379327,0.0,0.0,8.13699592026029,0.0,-2029.6132695523536,-12.488045034074165,-2712.3319734200963,9790.144925142862,0.0,-4459.4381560423135,0.0,0.0,3.8858547896706574,0.0,-4000.0,-39.307694,-1295.2849298902192
t806,6007.699081109379,0.0,-2895.8437335655512,0.0,0.0,28.29240122854105,0.0,6344.385165597846,-53.73250485653254,-9430.800409513684,6561.299840167497,0.0,-1517.4378461881313,0.0,0.0,8.0793942352808,0.0,-2344.385165597846,-14.42481085653255,-2693.131411760267,10059.20681884391,0.0,-4738.573365461773,0.0,0.0,3.855543909876035,0.0,-4000.0,-39.307694,-1285.1813032920115
t807,5825.866537263415,0.0,-2895.8437335655512,0.0,0.0,28.11053449683841,0.0,6466.528872548791,-54.484045130689594,-9370.178165612802,6631.320710667652,0.0,-1480.6838568104256,0.0,0.0,8.030887553192812,0.0,-2466.5288725487912,-15.1763511306896,-2676.962517730937,8680.618056171621,0.0,-3368.043255364217,0.0,0.0,3.831295206040336,0.0,-4000.0,-39.307694,-1277.0984020134454
t808,5184.033783158124,0.0,-2895.8437335655512,0.0,0.0,28.149938955373976,0.0,7125.511709395419,-58.53871281870568,-9383.31298512466,6429.500000751097,0.0,-612.8030697316209,0.0,0.0,8.039982556084308,0.0,-3125.5117093954177,-19.23101881870569,-2679.9941853614364,7873.524620565458,0.0,-2558.9351566143705,0.0,0.0,3.8373573819992606,0.0,-4000.0,-39.307694,-1279.119127333087
t809,3828.116933021992,0.0,-1788.89418965183,0.0,0.0,28.45001906268334,0.0,7476.364405994654,-60.697480866386016,-9483.339687561112,6197.919073524065,0.0,-0.0,0.0,0.0,8.124869249738293,0.0,-3476.3644059946537,-21.389786866386014,-2708.289749912764,8210.513578261607,0.0,-2881.821472304741,0.0,0.0,3.879792613711733,0.0,-4000.0,-39.307694,-1293.2642045705777
t810,1965.2365003749264,0.0,-0.0,0.0,0.0,257.9870522567832,0.0,7392.031041426143,-60.178584547365176,-9555.076009510489,5712.14598443839,422.07883659139924,-0.0,0.0,0.0,8.188534269978778,0.0,-3392.0310414261426,-20.87089054736518,-2729.5114233262593,7604.687705946687,0.0,-2266.9296158432494,0.0,0.0,3.9070724055268933,0.0,-4000.0,-39.307694,-1302.3574685089645
t811,987.435006315833,2895.8437335655512,-0.0,0.0,0.0,256.15929160317165,0.0,5395.839318569536,-47.896179566253885,-9487.381170487839,2658.194201237376,1448.4135319798447,-0.0,0.0,0.0,8.130932584999291,0.0,-1395.839318569536,-8.588485566253892,-2710.3108616664304,5812.470189113943,0.0,-483.77808315707773,0.0,0.0,3.879792613711733,0.0,-4000.0,-39.307694,-1293.2642045705777
t812,195.07862319898163,2895.8437335655512,-0.0,0.0,0.0,253.26761056909965,0.0,6088.248421943959,-52.15651634797479,-9380.281872929616,562.2317626134521,4209.812160274631,-0.0,0.0,0.0,8.036950888453811,0.0,-2088.248421943959,-12.848822347974792,-2678.9836294846036,3414.116839346525,1900.472624604563,-0.0,0.0,0.0,3.8373573819992606,0.0,-4000.0,-39.307694,-1279.119127333087
t813,0.0,2895.8437335655512,-0.0,0.0,0.0,256.9231318763227,0.0,6417.084503490633,-54.17981795759082,-9515.671550974916,541.4906676281405,4600.706082575135,-0.0,0.0,0.0,8.155185926043286,0.0,-2417.084503490633,-14.872123957590828,-2718.3953086810952,3223.7563760151174,2108.9650562291135,-0.0,0.0,0.0,3.8919169656295822,0.0,-4000.0,-39.307694,-1297.3056552098608
t814,0.0,790.4715848144931,-0.0,0.0,0.0,254.68617107638025,0.0,8454.378517069856,-66.71512198368168,-9432.821150977046,670.4731663823825,6497.372320405344,-0.0,0.0,0.0,8.082425902911302,0.0,-4454.378517069856,-27.40742798368168,-2694.1419676371,4639.613378512982,681.0200748691533,-0.0,0.0,0.0,3.855543909876035,0.0,-4000.0,-39.307694,-1285.1813032920115
t815,0.0,2895.8437335655512,-0.0,0.0,0.0,236.98144474512802,0.0,5693.996081634792,-49.73071382961822,-8777.090546115853,662.4578749169652,3541.628789579149,-0.0,0.0,0.0,7.52156739126892,0.0,-1693.9960816347916,-10.423019829618218,-2507.189130422973,5244.990908385176,0.0,-13.002633325076118,0.0,0.0,3.5888081676833528,0.0,-4000.0,-39.307694,-1196.2693892277844
t816,0.0,2895.8437335655512,-0.0,0.0,0.0,215.81215717494047,0.0,4926.394692633241,-45.007725042604875,-7993.042858331128,544.0021946023263,2664.089717662241,-0.0,0.0,0.0,6.848537177298061,0.0,-926.3946926332405,-5.700031042604879,-2282.84572576602,5473.53732796644,0.0,-347.31886794967613,0.0,0.0,3.2705439298398127,0.0,-4000.0,-39.307694,-1090.1813099466042
t817,0.0,2895.8437335655512,-0.0,0.0,0.0,197.3981505900479,0.0,4258.700185447613,-40.89945515699405,-7311.042614446219,973.3878415636162,1368.4491212536068,-0.0,0.0,0.0,6.263425324611682,0.0,-258.70018544761325,-1.5917611569940504,-2087.8084415372277,5486.654979790238,0.0,-454.11835595471484,0.0,0.0,2.988652747749819,0.0,-4000.0,-39.307694,-996.217582583273
t818,0.0,2737.104782481493,-0.0,0.0,0.0,185.85870646351523,0.0,4000.0,-39.307694,-6883.65579494501,1260.2395482550446,700.4025628532569,-0.0,0.0,0.0,5.89962520895176,0.0,-0.0,-0.0,-1966.5417363172533,4937.695713711285,37.4230105292841,-0.0,0.0,0.0,2.8158807329204683,0.0,-4000.0,-39.307694,-938.6269109734895
t819,0.0,2478.5519226149704,-0.0,0.0,0.0,178.68406389784604,0.0,4000.0,-39.307694,-6617.928292512816,1399.8311059554883,485.24668946261664,-0.0,0.0,0.0,5.672250136664307,0.0,-0.0,-0.0,-1890.7500455547693,4763.522094813766,175.33269284051656,-0.0,0.0,0.0,2.7067615656598263,0.0,-4000.0,-39.307694,-902.253855219942
t820,0.0,2330.105223604151,-0.0,0.0,0.0,174.5647824247812,0.0,4000.0,-39.307694,-6465.362312028933,540.5454841152114,1301.2087703071807,-0.0,0.0,0.0,5.541888428552835,0.0,-0.0,-0.0,-1847.296142850945,4947.39333046959,0.0,-28.685174252133905,0.0,0.0,2.6461398060705807,0.0,-4000.0,-39.307694,-882.0466020235268
t821,0.0,2261.2888730693353,-0.0,0.0,0.0,172.65518174190348,0.0,4000.0,-39.307694,-6394.636360811239,487.6262041473772,1333.9775660909625,-0.0,0.0,0.0,5.4812550759428476,0.0,-0.0,-0.0,-1827.0850253142826,5620.6801242417205,0.0,-712.0452837426772,0.0,0.0,2.6158289262759573,0.0,-4000.0,-39.307694,-871.9429754253191
t822,1312.5660449808026,885.8050218852921,-0.0,0.0,0.0,170.9092611175581,0.0,3999.9999999999786,-39.307694,-6329.9726339836325,1600.0055516202358,202.45525864323258,-0.0,0.0,0.0,5.423653390963359,0.0,2.1296270160613287e-11,-0.0,-1807.8844636544532,5464.701596975426,0.0,-565.1327406229543,0.0,0.0,2.5885491344607967,0.0,-4000.0,-39.307694,-862.8497114869323
t823,1181.3094404827223,991.9477030001677,-0.0,0.0,0.0,178.68406389784604,0.0,4307.18486255582,-41.19777742373966,-6617.928292512816,2194.152741397665,0.0,-0.0,0.0,0.0,5.672250136664307,0.0,-307.1848625558205,-1.8900834237396649,-1890.7500455547693,4346.313498478678,592.5412891756041,-0.0,0.0,0.0,2.7067615656598263,0.0,-4000.0,-39.307694,-902.253855219942
t824,2740.7342370424826,0.0,-0.0,0.0,0.0,21.866443375047687,0.0,4565.956789266378,-39.7430113346798,-7288.814458349229,3479.37341597998,0.0,-0.0,0.0,0.0,6.245235318828686,0.0,-1395.28844891243,-8.585096110149596,-2081.745106276229,1493.3866000579553,2699.6539222123633,-0.0,0.0,0.0,2.9825905717908947,0.0,-3170.6683403539478,-31.157915224530203,-994.1968572636316
t825,4898.640982552206,0.0,-0.0,0.0,0.0,24.35498648717884,0.0,3215.2243024413438,-19.89144242111489,-8118.328829059614,5517.5812174261355,0.0,-0.0,0.0,0.0,6.957677211996038,0.0,-3185.711732650626,-19.601424655493094,-2319.2257373320126,898.27409043522,234.5565682873446,-0.0,0.0,0.0,3.319041337511209,0.0,-29.512569790717755,-0.2900177656217944,-1106.3471125037363
t826,6385.814437186417,0.0,-2021.489539226117,0.0,0.0,26.440391677369146,0.0,4450.27152440672,-27.572921588008214,-8813.46389245638,6936.162017418484,0.0,-0.0,0.0,0.0,7.554915735204411,0.0,-4398.349005122477,-27.062682963074682,-2518.305245068137,1250.149996828484,0.0,-0.0,0.0,0.0,3.6039636075806643,0.0,-51.92251928424326,-0.5102386249335332,-1201.321202526888
t827,8713.51183622118,0.0,-2895.8437335655512,0.0,0.0,27.85895218464975,0.0,3468.1158594092353,-27.325519366263304,-9286.31739488325,9317.586424462279,0.0,-4822.822858552135,0.0,0.0,7.958127530060827,0.0,-1838.6991507327848,-11.313366020478039,-2652.709176686942,2907.6153215393865,0.0,-0.0,0.0,0.0,3.7979532382662513,0.0,-1629.4167086764503,-16.01215334578526,-1265.984412755417
t828,7895.8674834303865,0.0,-2895.8437335655512,0.0,0.0,28.795565852918358,0.0,4608.440259146024,-38.73762389099124,-9598.521950972787,8289.574347630833,0.0,-3762.6245575978623,0.0,0.0,8.224914281544772,0.0,-1782.5686110816146,-10.967999384643372,-2741.638093848257,4158.135658105242,0.0,-0.0,0.0,0.0,3.9252589334036667,0.0,-2825.871648064409,-27.769624506347867,-1308.4196444678892
t829,7872.98789182063,0.0,-2895.8437335655512,0.0,0.0,29.36238383339159,0.0,4819.514557665925,-38.55982195719777,-9787.461277797198,8270.120761078824,0.0,-3073.042115432051,0.0,0.0,8.385592665961237,0.0,-2395.5271993700644,-14.739483622257255,-2795.1975553204124,3778.4927030331605,0.0,-0.0,0.0,0.0,4.004067220869687,0.0,-2423.9873582958603,-23.820338334940512,-1334.689073623229
t830,7780.265336349509,0.0,-2895.8437335655512,0.0,0.0,29.51697055533884,0.0,4958.766065504965,-33.71445373131472,-9838.990185112947,8384.759133962581,0.0,-1470.8783145303191,0.0,0.0,8.431067680418726,0.0,-4086.810183654775,-25.14580998499786,-2810.355893472909,2218.2608530017555,0.0,-0.0,0.0,0.0,4.025284836725922,0.0,-871.9558818501903,-8.568643746316859,-1341.7616122419743
t831,6819.322488739711,0.0,-2895.8437335655512,0.0,0.0,29.620028369970342,0.0,5958.973092910471,-38.72908646448755,-9873.342789990113,8391.244916546293,0.0,-148.85097593669803,0.0,0.0,8.461384356723721,0.0,-5397.185430640958,-33.20844208412122,-2820.4614522412403,1909.0739603424927,0.0,-0.0,0.0,0.0,4.037409188643772,0.0,-561.7876622695126,-5.5206443803663365,-1345.8030628812573
t832,5445.342803122191,0.0,-781.8565864861729,0.0,0.0,29.826143999233334,0.0,5281.230620698052,-32.49498158885953,-9942.047999744444,8144.868630146277,0.0,-0.0,0.0,0.0,8.51898604170321,0.0,-5281.230620698052,-32.49498158885953,-2839.6620139010697,1334.47704476463,17.361924646396744,-0.0,0.0,0.0,4.067720068438395,0.0,-0.0,-0.0,-1355.906689479465
t833,3857.0174697922107,0.0,-0.0,0.0,0.0,30.226250808979145,0.0,6234.021701031694,-45.848485306502944,-10075.41693632638,7091.335071415962,0.0,-0.0,0.0,0.0,8.637221079292685,0.0,-4195.0865736098285,-25.81202578786553,-2879.0736930975613,1471.5200045873737,1956.4151884854564,-0.0,0.0,0.0,4.119248564089254,0.0,-2038.935127421864,-20.03645951863741,-1373.082854696418
t834,1948.3778539256316,1003.2398816581805,-0.0,0.0,0.0,274.5732981880642,0.0,7000.962753846826,-57.77237324595508,-10169.381414372747,5916.059534550318,0.0,-0.0,0.0,0.0,8.716044437685666,0.0,-3000.9627538468253,-18.46467924595508,-2905.3481458952224,2324.586103061743,3096.780507504522,-0.0,0.0,0.0,4.158652707822264,0.0,-4000.0,-39.307694,-1386.217569274088
t835,1031.9900005032548,1147.1477654275236,-0.0,0.0,0.0,272.82737756371876,0.0,7714.917824659973,-62.165280609330104,-10104.71768754514,6615.264552751991,0.0,-0.0,0.0,0.0,8.658442752706181,0.0,-3714.917824659973,-22.857586609330106,-2886.1475842353934,2860.6806253051654,2551.620001114529,-0.0,0.0,0.0,4.131372916007104,0.0,-4000.0,-39.307694,-1377.1243053357011
t836,435.91642961747755,2895.8437335655512,-0.0,0.0,0.0,268.9808961882079,0.0,6415.685565412443,-54.17121040560918,-9962.25541437807,4832.025637109155,435.7116178234799,-0.0,0.0,0.0,8.537176047486204,0.0,-2415.685565412443,-14.863516405609182,-2845.7253491620686,3266.6875579393145,2126.473768615395,-0.0,0.0,0.0,4.07378224439732,0.0,-4000.0,-39.307694,-1357.9274147991066
t837,0.0,2895.8437335655512,-0.0,0.0,0.0,271.1087369491288,0.0,6931.456568285485,-57.34470735095028,-10041.064331449215,4813.7427660375815,996.1120455250967,-0.0,0.0,0.0,8.60690440298769,0.0,-2931.456568285485,-18.03701335095028,-2868.96813432923,5445.434209146127,0.0,-41.192235301163116,0.0,0.0,4.107124212171405,0.0,-4000.0,-39.307694,-1369.041404057135
t838,0.0,2895.8437335655512,-0.0,0.0,0.0,264.9434547444092,0.0,6707.90255550926,-55.969197729990206,-9812.720546089231,76.20764359762823,5443.228571969694,-0.0,0.0,0.0,8.409846007005232,0.0,-2707.9025555092608,-16.661503729990205,-2803.2820023350773,73.51551995941954,5299.499175158464,-0.0,0.0,0.0,4.013160484808074,0.0,-4000.0,-39.307694,-1337.7201616026912
t839,0.0,2895.8437335655512,-0.0,0.0,0.0,239.60032568164607,0.0,5788.957078212302,-50.315001102238426,-8874.086136357262,3182.5236952581595,1145.3189309457587,-0.0,0.0,0.0,7.606454084922901,0.0,-1788.9570782123028,-11.007307102238423,-2535.4846949743,6415.016037485663,0.0,-1169.9324519916256,0.0,0.0,3.6282123114163634,0.0,-4000.0,-39.307694,-1209.4041038054543
t840,0.0,2895.8437335655512,-0.0,0.0,0.0,214.20263659937206,0.0,4868.033246819979,-44.64863182297371,-7933.430985161928,2639.6750184753446,493.5759674090741,-0.0,0.0,0.0,6.800030495210071,0.0,-868.0332468199787,-5.340937822973713,-2266.67683173669,4893.801887433825,223.35058843636756,-0.0,0.0,0.0,3.243264138024652,0.0,-4000.0,-39.307694,-1081.0880460082174
t841,2735.1391390885437,0.0,-0.0,0.0,0.0,20.553971794593622,0.0,4135.773920515422,-40.14309986735687,-6851.323931531207,2088.1837196082574,0.0,-0.0,0.0,0.0,5.872340200277266,0.0,-135.77392051542236,-0.8354058673568717,-1957.4467334257552,4528.552300409586,441.5297659717773,-0.0,0.0,0.0,2.800725293023157,0.0,-4000.0,-39.307694,-933.5750976743857
t842,2745.8084107056457,0.0,-0.0,0.0,0.0,11.043543489628654,0.0,3797.5614349463945,-40.55328199203178,-6513.860107149637,1609.008691218458,0.0,-0.0,0.0,0.0,50.23170096974394,0.0,202.43856505360546,-1.2455879920317827,-1860.4333692497755,4712.698290242175,211.04652383448797,-0.0,0.0,0.0,2.661295245967892,0.0,-4000.0,-39.307694,-887.0984153226306
t843,2745.808410705864,0.0,-0.0,0.0,0.0,19.123286838532838,0.0,3650.9526028206956,-41.45535418748138,-6374.428946177612,1541.5302547693452,0.0,-0.0,0.0,0.0,-67.40830170788422,0.0,349.04739717930414,-2.147660187481388,-1821.021690053284,5720.178467469931,0.0,-814.5656216864114,0.0,0.0,2.606735662337571,0.0,-4000.0,-39.307694,-868.9118874458569
t844,2144.4851957678484,0.0,-0.0,0.0,0.0,19.038415697071606,0.0,4223.296573845817,-40.68161962020254,-6346.138565690534,2031.1614065663193,0.0,-0.0,0.0,0.0,5.4357800614853575,0.0,-223.29657384581628,-1.3739256202025392,-1811.9266871617858,6139.939143963225,0.0,-1238.355624467071,0.0,0.0,2.594611310419722,0.0,-4000.0,-39.307694,-864.8704368065738
t845,2661.337317525648,0.0,-0.0,0.0,0.0,19.574922555594398,0.0,3884.0828677841682,-40.02092266727773,-6524.974185198133,1697.9475773359534,0.0,-0.0,0.0,0.0,50.31355599576743,0.0,115.91713221583188,-0.7132286672777379,-1863.465036880275,5860.253811315432,0.0,-934.4943340950873,0.0,0.0,2.6673574219268166,0.0,-4000.0,-39.307694,-889.1191406422721
t846,2605.539037020708,0.0,-0.0,0.0,0.0,21.023794184825444,0.0,4423.280669196473,-41.912105460191356,-7007.931394941816,2421.7905390870574,0.0,-0.0,0.0,0.0,6.005733576019237,0.0,-423.2806691964733,-2.604411460191361,-2001.9111920064124,5025.416585278366,0.0,-34.18055588833571,0.0,0.0,2.864378140591865,0.0,-4000.0,-39.307694,-954.7927135306218
t847,2897.327074545463,0.0,-0.0,0.0,0.0,24.06096860425957,0.0,5145.289391219892,-46.35456628309061,-8020.322868086524,3437.401169974529,0.0,-0.0,0.0,0.0,6.875822185972554,0.0,-1145.2893912198924,-7.046872283090614,-2291.9407286575183,4152.447518181811,976.7929365504773,-0.0,0.0,0.0,3.2796371937781994,0.0,-4000.0,-39.307694,-1093.2123979260664
t848,3482.7728934170136,0.0,-0.0,0.0,0.0,27.110267472473872,0.0,5573.11169581399,-46.23903254551938,-9036.755824157957,4909.544752464335,0.0,-0.0,0.0,0.0,7.745910795925871,0.0,-2321.0392327174236,-14.281165234212843,-2581.9702653086238,3283.4521267649084,1228.5153897174678,-0.0,0.0,0.0,3.6948962469645332,0.0,-3252.072463096567,-31.957867311306536,-1231.632082321511
t849,4607.227236785826,0.0,-0.0,0.0,0.0,28.9016547797449,0.0,5033.629032677359,-35.87299766129576,-9633.884926581633,6465.780794914731,0.0,-0.0,0.0,0.0,8.255230957849765,0.0,-3699.529469939109,-22.762903316883538,-2751.743652616588,2530.9305786429372,125.81012183345139,-0.0,0.0,0.0,3.940414373300978,0.0,-1334.0995627382495,-13.110094344412229,-1313.471457766993
t850,5889.688555964316,0.0,-1625.3184890300754,0.0,0.0,30.062570750446767,0.0,5767.949148590734,-41.52486945983237,-10020.856916815588,7004.985779263968,0.0,-0.0,0.0,0.0,8.588714397204695,0.0,-4125.287139037347,-25.382555555594955,-2862.9047990682316,3021.723940158906,0.0,-0.0,0.0,0.0,4.10106203621248,0.0,-1642.6620095533876,-16.142313904237408,-1367.0206787374934
t851,6851.835592606206,0.0,-2895.8437335655512,0.0,0.0,30.999184418715377,0.0,6391.372407224115,-45.301977778357525,-10333.061472905125,8108.152403853566,0.0,-371.15236532773554,0.0,0.0,8.855501148688639,0.0,-4764.704982014096,-29.3168414308767,-2951.833716229546,3046.8727727042733,0.0,-0.0,0.0,0.0,4.225336643370435,0.0,-1626.6674252100183,-15.985136347480822,-1408.4455477901447
t852,7229.950948683247,0.0,-2895.8437335655512,0.0,0.0,31.49022459431251,0.0,6174.293194810098,-43.14910308460242,-10496.741531437503,8942.843147920634,0.0,-1154.114638196118,0.0,0.0,8.99495785969161,0.0,-4770.054424903342,-29.349756116994634,-2998.31928656387,2844.4196226016466,0.0,-0.0,0.0,0.0,4.292020578918605,0.0,-1404.2387699067558,-13.799346967607791,-1430.6735263062014
t853,7266.076619646021,0.0,-2895.8437335655512,0.0,0.0,31.584189072358875,0.0,6168.136579990602,-41.89063102380424,-10528.063024119625,9205.467134912165,0.0,-1079.597728630011,0.0,0.0,9.022242868366105,0.0,-5096.121340421429,-31.356019273723806,-3007.414289455368,2512.9606833339017,0.0,-0.0,0.0,0.0,4.304144930836454,0.0,-1072.0152395691732,-10.534611750080437,-1434.7149769454845
t854,7479.218078326388,0.0,-2895.8437335655512,0.0,0.0,32.020669228445215,0.0,6098.793800697514,-40.632405205056465,-10673.556409481738,9110.370842346892,0.0,-785.2321806469371,0.0,0.0,9.146541241216577,0.0,-5253.1161271343535,-32.32199540129331,-3048.8470804055255,2304.5455468183977,0.0,-0.0,0.0,0.0,4.3647666904257,0.0,-845.6776735631603,-8.310409803763148,-1454.9222301419
t855,6427.961053309655,0.0,-2093.3483703548163,0.0,0.0,31.881238067473188,0.0,6304.08264919779,-43.49721439570663,-10627.079355824397,8079.960139328843,0.0,-0.0,0.0,0.0,9.107129562020086,0.0,-5022.454660687016,-30.902754197152362,-3035.709854006695,2738.735922729755,0.0,-0.0,0.0,0.0,4.346580162548926,0.0,-1281.6279885107745,-12.59446019855426,-1448.8600541829753
t856,5622.358590839785,0.0,-2895.8437335655512,0.0,0.0,31.808491374792137,0.0,7905.790151812187,-61.28304219716828,-10602.830458264045,8078.111077098182,0.0,-565.5075248627109,0.0,0.0,9.08590788860659,0.0,-4465.577164904099,-27.476332351115985,-3028.6359628688633,4915.5111760590435,0.0,-0.0,0.0,0.0,4.337486898610539,0.0,-3440.2129869080886,-33.806709846052286,-1445.828966203513
t857,4021.9913671888808,0.0,-985.5454272922289,0.0,0.0,31.860020282107882,0.0,7613.240468648361,-61.539668124495165,-10620.006760702627,6660.060118799127,0.0,-0.0,0.0,0.0,9.101066226759087,0.0,-3613.240468648361,-22.231974124495167,-3033.688742253029,6766.02216271703,0.0,-1283.208326268446,0.0,0.0,4.343549074569464,0.0,-4000.0,-39.307694,-1447.8496915231544
t858,3593.999611052352,0.0,-0.0,0.0,0.0,31.6751224382102,0.0,6990.406836124016,-57.70742354451392,-10558.374146070066,6016.266330138355,0.0,-0.0,0.0,0.0,9.049527877040598,0.0,-2990.406836124016,-18.399729544513924,-3016.509292346866,7171.723995474421,0.0,-1697.9761431724085,0.0,0.0,4.316269282754303,0.0,-4000.0,-39.307694,-1438.7564275847676
t859,3772.2957457047173,0.0,-0.0,0.0,0.0,279.26545986599234,0.0,6345.342369102914,-53.73839445168714,-10343.165180221938,5234.857088050425,0.0,-0.0,0.0,0.0,79.78136536422123,0.0,-2345.3423691029134,-14.430700451687148,-2954.8653838600453,8679.675635414658,0.0,-3234.133067124204,0.0,0.0,4.2313988193293595,0.0,-4000.0,-39.307694,-1410.4662731097862
t860,3335.1188961029966,0.0,-2812.5750324458436,0.0,0.0,30.405086428486747,0.0,9656.18962720669,-74.10976779674813,-10135.028809495581,8577.548560368949,0.0,-0.0,0.0,0.0,8.685727761380674,0.0,-5656.189627206689,-34.80207379674814,-2895.242587126891,9382.4486058971,0.0,-3965.1113216182,0.0,0.0,4.146528355904415,0.0,-4000.0,-39.307694,-1382.1761186348049
t861,2736.693178105185,0.0,-0.0,0.0,0.0,274.49145815879797,0.0,7214.2503805438,-59.084714630079986,-10166.350302177703,4102.308430031578,1957.6394462301846,-0.0,0.0,0.0,78.41711493049651,0.0,-3214.2503805438,-19.77702063007999,-2904.337590018389,9033.496843741203,0.0,-3612.1302331749384,0.0,0.0,4.158652707822264,0.0,-4000.0,-39.307694,-1386.217569274088
t862,2736.693178105185,0.0,-0.0,0.0,0.0,266.60753533948844,0.0,6928.3782137635835,-57.325766486462896,-9874.353160721794,5653.900067607283,36.8052116734657,-0.0,0.0,0.0,76.15245921051348,0.0,-2928.3782137635826,-18.018072486462906,-2820.4614522412403,7461.425812336602,0.0,-2080.3524646439887,0.0,0.0,4.037409188643772,0.0,-4000.0,-39.307694,-1345.8030628812573
t863,2736.693178105185,0.0,-0.0,0.0,0.0,239.60032568164607,0.0,5949.092936557997,-51.30030398756702,-8874.086136357262,1710.1665748267712,2717.9455799287575,-0.0,0.0,0.0,68.4580867643061,0.0,-1949.0929365579968,-11.992609987567024,-2535.4846949743,567.5502658743166,4677.533319619722,-0.0,0.0,0.0,3.6282123114163634,0.0,-4000.0,-39.307694,-1209.4041038054543
t864,1256.8306070528488,0.0,-0.0,0.0,0.0,23.718452926219594,0.0,6681.4080949006275,-55.806179473163816,-7906.150975406532,4949.7231879416495,0.0,-0.0,0.0,0.0,6.775777154166075,0.0,-2681.4080949006266,-16.49848547316382,-2258.592384722025,7802.053294138199,0.0,-2687.9228129835305,0.0,0.0,3.234170874086265,0.0,-4000.0,-39.307694,-1078.056958028755
t865,1433.7693871604606,0.0,-0.0,0.0,0.0,21.784603345781502,0.0,5856.712351866569,-50.73189377897832,-7261.534448593833,3936.58375313853,0.0,-0.0,0.0,0.0,6.224013645415193,0.0,-1856.7123518665692,-11.424199778978322,-2074.671215138397,6203.972752817942,0.0,-1178.487449985307,0.0,0.0,2.967435131893583,0.0,-4000.0,-39.307694,-989.1450439645278
t866,1136.17123137553,0.0,-0.0,0.0,0.0,20.614594038494502,0.0,5764.912578002886,-50.16705725207665,-6871.531346164834,3733.391479735656,0.0,-0.0,0.0,0.0,5.890530206060261,0.0,-1764.9125780028862,-10.859363252076651,-1963.5100686867538,5967.138888624699,0.0,-994.0348275278124,0.0,0.0,2.809818556961544,0.0,-4000.0,-39.307694,-936.606185653848
t867,936.5230196094788,0.0,-332.7673278559467,0.0,0.0,20.002309375095606,0.0,6095.881942011392,-52.203484774817824,-6667.436458365202,4007.9608671331516,0.0,-0.0,0.0,0.0,5.714693483491298,0.0,-2095.8819420113923,-12.895790774817824,-1904.8978278304328,6327.886737186553,0.0,-1382.987960101223,0.0,0.0,2.7249480935366,0.0,-4000.0,-39.307694,-908.3160311788666
t868,1000.6907057466425,0.0,-0.0,0.0,0.0,19.759820399492085,0.0,5615.403413230791,-49.247139546230876,-6586.606799830694,3501.3529363123034,0.0,-0.0,0.0,0.0,5.644965127989814,0.0,-1615.403413230791,-9.93944554623088,-1881.6550426632712,4469.211725340721,464.60640445435473,-0.0,0.0,0.0,2.6916061257625152,0.0,-4000.0,-39.307694,-897.2020419208383
t869,2001.1175632681168,0.0,-0.0,0.0,0.0,181.9303850587382,0.0,4598.102229529001,-42.98776827296023,-6738.1624095828965,2474.913307644145,0.0,-0.0,0.0,0.0,51.977941524911564,0.0,-598.1022295290014,-3.6800742729602387,-1925.1089453670952,4091.242345806405,863.7297469973377,-0.0,0.0,0.0,2.7552589733312227,0.0,-4000.0,-39.307694,-918.4196577770742
t870,3054.5776451380534,0.0,-0.0,0.0,0.0,21.536052145787888,0.0,4138.983835613777,-36.41348430165525,-7178.684048595963,3210.896663093962,0.0,-0.0,0.0,0.0,6.151253622283207,0.0,-1159.4957597112439,-7.134282910598866,-2050.417874094402,3984.871570407681,0.0,-0.0,0.0,0.0,2.93712425209896,0.0,-2979.4880759025336,-29.279201391056382,-979.0414173663202
t871,3212.4517928250416,0.0,-0.0,0.0,0.0,24.670222155463424,0.0,5031.942522411048,-45.6571522370796,-8223.407385154474,3379.7782428350206,0.0,-0.0,0.0,0.0,7.0455955732805196,0.0,-1031.9425224110485,-6.349458237079605,-2348.531857760173,2167.983909172286,2989.4618295715586,-0.0,0.0,0.0,3.3645076572031436,0.0,-4000.0,-39.307694,-1121.5025524010478
t872,4169.564728481426,0.0,-0.0,0.0,0.0,27.83773439928445,0.0,5124.003751848223,-42.16141496745099,-9279.244799761482,4886.113801683145,0.0,-0.0,0.0,0.0,7.952064194799829,0.0,-2229.6588915024536,-13.71890944221494,-2650.688064933276,1984.626771764585,2199.339722051723,-0.0,0.0,0.0,3.794922150286789,0.0,-2894.3448603457687,-28.44250552523605,-1264.9740500955963
t873,4557.855486470034,0.0,-0.0,0.0,0.0,29.64124615533565,0.0,5331.126777032773,-38.208124546234,-9880.415385111883,6697.434332238985,0.0,-0.0,0.0,0.0,8.46744769198472,0.0,-3859.670974990134,-23.74824094592983,-2822.4825639949067,2282.0436739621346,546.6449969452648,-0.0,0.0,0.0,4.040440276623235,0.0,-1471.4558020426398,-14.459883600304165,-1346.8134255410782
t874,5824.6623482313225,0.0,-1307.1787321448826,0.0,0.0,30.759726555306898,0.0,5747.035464264573,-42.03662180402035,-10253.2421851023,6875.052916288243,0.0,-0.0,0.0,0.0,8.788804460817651,0.0,-3930.05890168756,-24.18133212228307,-2929.6014869392175,3227.9714161152715,0.0,-0.0,0.0,0.0,4.19199467559635,0.0,-1816.9765625770137,-17.85528968173728,-1397.3315585321163
t875,6409.898217828268,0.0,-1907.5910430576603,0.0,0.0,31.70543356016064,0.0,6078.084356565337,-43.619111509226286,-10568.47785338688,7421.249026675983,0.0,-0.0,0.0,0.0,9.055591212301596,0.0,-4384.794927956822,-26.9792858309317,-3018.530404100532,3146.3840757325056,0.0,-0.0,0.0,0.0,4.3223314587132275,0.0,-1693.289428608515,-16.639825678294592,-1440.7771529044091
t876,6158.222710120938,0.0,-2895.8437335655512,0.0,0.0,32.357122682095095,0.0,7548.771627720248,-57.800166259363486,-10785.707560698367,7859.347640135434,0.0,-301.34105995482116,0.0,0.0,9.243554605392557,0.0,-4458.631669040694,-27.43359728112636,-3081.1848684641855,4586.173964686885,0.0,-0.0,0.0,0.0,4.410233010117634,0.0,-3090.1399586795537,-30.366568978237133,-1470.0776700392114
t877,6231.67824107858,0.0,-2895.8437335655512,0.0,0.0,32.66326501379455,0.0,7579.723669297998,-60.4664372266391,-10887.755004598184,9387.910709517693,0.0,-2447.5662331521603,0.0,0.0,9.331472966677039,0.0,-3815.707224865405,-23.47773557445801,-3110.490988892346,5280.775225119647,0.0,-0.0,0.0,0.0,4.452668241830106,0.0,-3764.0164444325937,-36.98870165218109,-1484.222747276702
t878,6140.159874639552,0.0,-2895.8437335655512,0.0,0.0,33.072465160125496,0.0,7806.809060494057,-60.04261335301862,-11024.155053375165,8055.9510887182505,0.0,-350.12708634533084,0.0,0.0,9.446676336636013,0.0,-4538.453829965759,-27.92473653179217,-3148.8921122120046,4799.382486249382,0.0,-0.0,0.0,0.0,4.510258913439889,0.0,-3268.3552305282983,-32.11787682122645,-1503.4196378132965
t879,6045.028941104247,0.0,-2895.8437335655512,0.0,0.0,33.1209629552462,0.0,7921.45087623133,-63.436061643204965,-11040.320985082068,9789.295018533165,0.0,-2699.2327177372476,0.0,0.0,9.461834674788511,0.0,-3921.4508762313303,-24.128367643204964,-3153.9448915961702,7146.361914801939,0.0,-1607.1375103302407,0.0,0.0,4.513290001419352,0.0,-4000.0,-39.307694,-1504.4300004731174
t880,4952.829488996367,0.0,-2895.8437335655512,0.0,0.0,32.99971846744444,0.0,8979.86910465818,-69.94842274162977,-10999.906155814813,9835.624974262011,0.0,-1691.7148502420448,0.0,0.0,9.428486330853017,0.0,-4979.869104658183,-30.64072874162977,-3142.8287769510057,6112.11118664451,0.0,-577.9234400320188,0.0,0.0,4.498134561522041,0.0,-4000.0,-39.307694,-1499.3781871740134
t881,3633.0383098230104,0.0,-176.3365067440485,0.0,0.0,33.00881180402957,0.0,7574.528127370534,-61.30147424366851,-11002.937268009857,6730.929722443558,0.0,-0.0,0.0,0.0,9.431517998483518,0.0,-3574.528127370534,-21.993780243668514,-3143.839332827839,6546.496399600569,0.0,-1012.3086529880776,0.0,0.0,4.498134561522041,0.0,-4000.0,-39.307694,-1499.3781871740134
t882,4740.9469242109935,0.0,-0.0,0.0,0.0,32.9148473259832,0.0,6250.91137201348,-53.15736822272212,-10971.615775327735,5389.093618973531,0.0,-0.0,0.0,0.0,9.401201322178522,0.0,-2250.9113720134806,-13.849674222722125,-3133.7337740595076,7270.226531400897,0.0,-1740.0681110757714,0.0,0.0,4.486010209604191,0.0,-4000.0,-39.307694,-1495.3367365347303
t883,5709.040401401387,0.0,-0.0,0.0,0.0,291.75970433396384,0.0,4849.650393219618,-44.53552362297326,-10805.914975331994,3103.758083521644,755.0126415455338,-0.0,0.0,0.0,83.35570150057998,0.0,-849.650393219618,-5.227829622973261,-3087.2482037251843,6032.426881454943,0.0,-524.4297557103248,0.0,0.0,4.419326274056021,0.0,-4000.0,-39.307694,-1473.1087580186736
t884,4739.668230566941,0.0,-0.0,0.0,0.0,288.2951430950285,0.0,5699.398473050198,-49.76395430370231,-10677.597892408465,1887.5924336658447,2790.7570506589923,-0.0,0.0,0.0,82.37344118829817,0.0,-1699.3984730501975,-10.456260303702312,-3050.868192159192,5905.48537380657,0.0,-414.6128847832553,0.0,0.0,4.367797778405162,0.0,-4000.0,-39.307694,-1455.9325928017206
t885,4732.443096374386,0.0,-0.0,0.0,0.0,292.03250443151785,0.0,5842.1855936625825,-50.64251181967998,-10816.018682648808,2242.627953114388,2616.7515023288256,-0.0,0.0,0.0,83.41027151792898,0.0,-1842.1855936625825,-11.334817819679987,-3089.2693154788503,5894.2849185026325,0.0,-385.2804611861742,0.0,0.0,4.422357362035483,0.0,-4000.0,-39.307694,-1474.1191206784943
t886,4732.443096374386,0.0,-0.0,0.0,0.0,286.1127423145968,0.0,5627.534174315501,-49.32177913052807,-10596.768233873956,3786.34191545365,796.1025941274717,-0.0,0.0,0.0,81.71860098011032,0.0,-1627.534174315501,-10.014085130528072,-3026.614851115197,5931.765184480826,0.0,-451.9733427477648,0.0,0.0,4.334455810631077,0.0,-4000.0,-39.307694,-1444.8186035436922
t887,2975.3106132846146,0.0,-0.0,0.0,0.0,28.93196590169534,0.0,6695.639800711269,-55.89374599913269,-9643.988633898447,5458.73684699675,0.0,-0.0,0.0,0.0,8.264325960741262,0.0,-2695.6398007112703,-16.58605199913269,-2754.7753202470876,4955.290600629679,395.5627999076957,-0.0,0.0,0.0,3.946476549259903,0.0,-4000.0,-39.307694,-1315.4921830866344
t888,0.0,0.0,-0.0,0.0,0.0,25.919040379821567,0.0,8681.875981569068,-68.11489534170198,-8639.680126607189,7171.057301783572,0.0,-0.0,0.0,0.0,7.403332353679445,0.0,-4681.875981569068,-28.80720134170198,-2467.7774512264814,5406.636023225729,0.0,-192.77971645877193,0.0,0.0,3.534248584053031,0.0,-4000.0,-39.307694,-1178.0828613510105
t889,0.0,0.0,-1380.8068792041736,0.0,0.0,23.78210628231552,0.0,9356.660322087688,-72.26678839398929,-7927.36876077184,7647.481169304752,0.0,-0.0,0.0,0.0,6.793967159949073,0.0,-5356.660322087688,-32.9590943939893,-2264.655719983024,6082.334071384105,0.0,-965.181595513913,0.0,0.0,3.243264138024652,0.0,-4000.0,-39.307694,-1081.0880460082174
t890,0.0,0.0,-2341.8713933057493,0.0,0.0,22.515101384787116,0.0,9900.0,-75.60991315,-7505.033794929038,8566.490330804641,0.0,-493.2292639358806,0.0,0.0,6.430167044289148,0.0,-5900.0,-36.30221915,-2143.3890147630495,8758.635635587736,0.0,-3698.901059312498,0.0,0.0,3.070492123195301,0.0,-4000.0,-39.307694,-1023.4973743984336
t891,0.0,0.0,-2564.493449212222,0.0,0.0,21.845225589682382,0.0,9900.0,-75.60991315,-7281.74186322746,9708.87442837344,0.0,-1699.0873866844431,0.0,0.0,6.239171983567689,0.0,-5900.0,-36.30221915,-2079.723994522563,9941.44377200744,0.0,-4911.929142887442,0.0,0.0,2.9795594838114323,0.0,-4000.0,-39.307694,-993.1864946038108
t892,0.0,0.0,-2658.176033824448,0.0,0.0,21.56333215554329,0.0,9900.0,-75.60991315,-7187.777385181095,9448.832578115187,0.0,-1465.241165865459,0.0,0.0,6.160348625174706,0.0,-5900.0,-36.30221915,-2053.449541724902,8961.032955033374,0.0,-3945.620967919153,0.0,0.0,2.93712425209896,0.0,-4000.0,-39.307694,-979.0414173663202
t893,0.0,0.0,-1487.4874839514637,0.0,0.0,21.97859452626432,0.0,8860.923625750607,-69.21656090396797,-7326.198175421439,6977.415129913204,0.0,-0.0,0.0,0.0,6.278583662764181,0.0,-4860.923625750606,-29.908866903967983,-2092.8612209213934,8019.6602585904575,0.0,-2984.1016400394114,0.0,0.0,2.997746011688206,0.0,-4000.0,-39.307694,-999.2486705627354
t894,627.3824857201818,0.0,-1074.9777903762576,0.0,0.0,23.37290613598457,0.0,8280.838454638002,-65.64734412305357,-7790.9687119948585,6526.753937634432,0.0,-0.0,0.0,0.0,6.678763789990096,0.0,-4280.838454638003,-26.339650123053577,-2226.254596663365,8692.310946749747,0.0,-3594.2977707445393,0.0,0.0,3.1856734664148685,0.0,-4000.0,-39.307694,-1061.8911554716228
t895,1186.1261966110922,0.0,-0.0,0.0,0.0,242.1646465986533,0.0,7602.242138219292,-61.471996293729035,-8969.060985135307,4493.170248474593,1623.8278428205558,-0.0,0.0,0.0,69.16749698984296,0.0,-3602.242138219292,-22.164302293729037,-2561.7591477719616,6528.059737188903,0.0,-1269.880841260928,0.0,0.0,3.667616455149373,0.0,-4000.0,-39.307694,-1222.5388183831242
t896,2803.352066711292,0.0,-481.2452830780991,0.0,0.0,31.044651101641033,0.0,8059.350143742922,-64.28454459741347,-10348.217033880344,7031.3353062580045,0.0,-0.0,0.0,0.0,8.867627819210634,0.0,-4059.3501437429227,-24.97685059741349,-2955.8759397368785,5445.542568290457,0.0,-0.0,0.0,0.0,4.2313988193293595,0.0,-4000.0,-39.307694,-1410.4662731097862
t897,4615.656560010473,0.0,-2684.7845652490414,0.0,0.0,34.34250116984895,0.0,9555.777836248915,-73.4919422305459,-11447.50038994965,8850.310425459142,0.0,-0.0,0.0,0.0,9.810476452295937,0.0,-5555.777836248913,-34.18424823054591,-3270.158817431979,5595.63497249481,0.0,-0.0,0.0,0.0,4.683030928269241,0.0,-4000.0,-39.307694,-1561.0103094230801
t898,6005.290703045194,0.0,-2443.668222041267,0.0,0.0,37.35239557952768,0.0,8918.059569347368,-66.23591942159638,-12450.798526509227,9407.350780813033,0.0,-0.0,0.0,0.0,10.671470059357757,0.0,-5825.024662411498,-35.840902008307964,-3557.1566864525853,4815.746965042544,0.0,-0.0,0.0,0.0,5.09222780549665,0.0,-3093.0349069358685,-30.3950174132884,-1697.4092684988832
t899,7026.443002259617,0.0,-2895.8437335655512,0.0,0.0,40.225889940429425,0.0,9309.783178659607,-71.97835715096352,-13408.629980143141,10285.434432458786,0.0,-1123.456313561075,0.0,0.0,11.493051987223085,0.0,-5309.783178659608,-32.670663150963506,-3831.0173290743614,5930.459803436314,0.0,-68.88929597540042,0.0,0.0,5.483238154847284,0.0,-4000.0,-39.307694,-1827.7460516157616
t900,7302.202290608795,0.0,-2895.8437335655512,0.0,0.0,42.49013075012732,0.0,9789.457986063155,-74.92975714742073,-14163.376916709107,10660.188655706459,0.0,-801.9891970577912,0.0,0.0,12.135765524888948,0.0,-5789.457986063155,-35.622063147420725,-4045.255174962983,6259.605612869874,0.0,-295.287285081147,0.0,0.0,5.792409128752439,0.0,-4000.0,-39.307694,-1930.8030429174796
t901,7300.998101576702,0.0,-1046.6902099446968,0.0,0.0,44.196646915937116,0.0,8495.519288740996,-61.80818864323218,-14732.215638645705,13302.937959986197,0.0,-3171.304933716481,0.0,0.0,12.623864013399347,0.0,-5900.0,-36.30221915,-4207.954671133115,4623.600423054735,0.0,-0.0,0.0,0.0,6.025802903171035,0.0,-2595.5192887409953,-25.505969493232175,-2008.6009677236784
t902,7119.1655577307365,0.0,-1274.0640397112404,0.0,0.0,45.74857635979967,0.0,9429.663309359088,-70.98795047182858,-15249.525453266555,12074.014769594542,0.0,-1794.275684572039,0.0,0.0,13.06951915508275,0.0,-5900.0,-36.30221915,-4356.506385027584,5637.437415530314,0.0,-0.0,0.0,0.0,6.237979061733395,0.0,-3529.663309359087,-34.685731321828584,-2079.3263539111317
t903,6431.573620405932,0.0,-695.5886050510269,0.0,0.0,46.82159007684525,0.0,9900.0,-75.60991315,-15607.19669228175,12877.519244974017,0.0,-2496.0202148220496,0.0,0.0,13.375717585763189,0.0,-5900.0,-36.30221915,-4458.57252858773,6729.890155510679,0.0,-569.1421712128972,0.0,0.0,6.3834712847475865,0.0,-4000.0,-39.307694,-2127.8237615825287
t904,5997.893316421342,0.0,-0.0,0.0,0.0,47.6096792475567,0.0,9900.0,-75.60991315,-15869.8930825189,12030.556214316795,0.0,-1574.5003926838353,0.0,0.0,13.600060990420141,0.0,-5900.0,-36.30221915,-4533.35366347338,8423.180269462046,0.0,-2227.175680149821,0.0,0.0,6.489559364028766,0.0,-4000.0,-39.307694,-2163.1864546762554
t905,6201.375919557579,0.0,-0.0,0.0,0.0,48.2219639109556,0.0,9900.0,-75.60991315,-16073.987970318534,11290.378868919226,0.0,-776.8941673617168,0.0,0.0,13.772866045358603,0.0,-5900.0,-36.30221915,-4590.955348452868,7749.517962927177,0.0,-1525.3080896033946,0.0,0.0,6.574429827453709,0.0,-4000.0,-39.307694,-2191.4766091512365
t906,6766.318371578583,374.1157088699856,-0.0,0.0,0.0,434.46143536444214,0.0,8583.78007617473,-67.5113192306269,-16091.164272757116,9083.899609790791,0.0,-0.0,0.0,0.0,124.0922194515999,0.0,-4583.780076174729,-28.2036252306269,-4596.0081278370335,6116.277273170202,109.94726329726457,-0.0,0.0,0.0,6.580492003412635,0.0,-4000.0,-39.307694,-2193.4973344708783
t907,5652.44351689304,2895.8437335655512,-0.0,0.0,0.0,428.29615315972256,0.0,6943.656858521265,-57.41977474244737,-15862.820487397132,6964.249843847683,406.5056682393538,-0.0,0.0,0.0,122.34597889643227,0.0,-2943.656858521265,-18.112080742447375,-4531.332551719714,4264.231178964713,1930.766078775672,-0.0,0.0,0.0,6.486528276049304,0.0,-4000.0,-39.307694,-2162.1760920164347
t908,4793.856737011102,2895.8437335655512,-0.0,0.0,0.0,418.9936698331324,0.0,7470.24978558938,-60.65985810537393,-15518.284067893792,4208.295420134455,3596.915828172185,-0.0,0.0,0.0,119.69933305500633,0.0,-3470.2497855893803,-21.352164105373927,-4433.308631666901,5647.9863954977445,501.6809415097826,-0.0,0.0,0.0,6.350129316973501,0.0,-4000.0,-39.307694,-2116.7097723245
t909,4732.443096374386,2895.8437335655512,-0.0,0.0,0.0,413.9195880186287,0.0,7348.05670789958,-59.908014057084415,-15330.355111801062,4818.62829295072,2810.541406737255,-0.0,0.0,0.0,118.22594258658366,0.0,-3348.05670789958,-20.60032005708442,-4378.738614317913,6173.494808028871,0.0,-50.018091889217935,0.0,0.0,6.271321029507481,0.0,-4000.0,-39.307694,-2090.4403431691603
t910,4732.443096374386,-39.532492543888225,-0.0,0.0,0.0,402.8439040579378,0.0,9900.0,-75.60991315,-14920.144594738436,5958.279091896001,4124.476378278929,-0.0,0.0,0.0,115.06088158034233,0.0,-5900.0,-36.30221915,-4261.514132605271,7299.479636842264,0.0,-1231.4061571538832,0.0,0.0,6.104611190637055,0.0,-4000.0,-39.307694,-2034.8703968790182
t911,4732.443096374386,0.0,-0.0,0.0,0.0,366.50693106374985,0.0,8542.638933835562,-67.25818113481711,-13574.330780138882,3772.6939443673764,4570.705797727643,-0.0,0.0,0.0,104.6925782840345,0.0,-4542.638933835563,-27.95048713481711,-3877.5028994086847,7210.045102103576,0.0,-1325.305968490312,0.0,0.0,5.552953178374917,0.0,-4000.0,-39.307694,-1850.9843927916393
t912,4732.443096374386,0.0,-0.0,0.0,0.0,329.7061979037201,0.0,7208.239096511994,-59.04772768935193,-12211.340663100747,5552.497679747734,1068.7492164690366,-0.0,0.0,0.0,94.16056493567972,0.0,-3208.2390965119935,-19.74003368935193,-3487.4283309511,7281.193915435891,0.0,-1581.8037910414257,0.0,0.0,4.995232990153856,0.0,-4000.0,-39.307694,-1665.0776633846187
t913,4015.3628909053446,0.0,-0.0,0.0,0.0,33.45741640889609,0.0,7162.417620868625,-58.76579188416854,-11152.472136298697,6357.5920261594565,0.0,-0.0,0.0,0.0,9.555816371333991,0.0,-3162.4176208686245,-19.458097884168545,-3185.272123777997,7701.0290373310045,0.0,-2145.6873277098457,0.0,0.0,4.561787409090749,0.0,-4000.0,-39.307694,-1520.5958030302495
t914,1618.320168541418,0.0,-0.0,0.0,0.0,31.472037921142242,0.0,8910.408135645215,-69.52103506036195,-10490.679307047414,7927.93075699135,0.0,-0.0,0.0,0.0,8.988894524430611,0.0,-4910.408135645214,-30.213341060361948,-2996.2981748102034,9424.203501593582,0.0,-3958.5143018662993,0.0,0.0,4.292020578918605,0.0,-4000.0,-39.307694,-1430.6735263062014
t915,993.9008066324943,0.0,-810.3717738860843,0.0,0.0,30.11409965776252,0.0,9900.0,-75.60991315,-10038.033219254172,8908.350535496487,0.0,-113.70213483864889,0.0,0.0,8.600841067726693,0.0,-5900.0,-36.30221915,-2866.947022575564,10362.765561652352,0.0,-4959.530919379231,0.0,0.0,4.104093124191942,0.0,-4000.0,-39.307694,-1368.031041397314
t916,993.9008066324943,0.0,-599.8488951597938,0.0,0.0,29.216890448029485,0.0,9388.155254904537,-72.46057414877436,-9738.963482676494,8195.022282988131,0.0,-0.0,0.0,0.0,8.346180986764747,0.0,-5388.155254904537,-33.15288014877435,-2782.060328921582,9371.133230680525,0.0,-4008.191851281056,0.0,0.0,3.9828496050134508,0.0,-4000.0,-39.307694,-1327.6165350044837
t917,993.9008066324943,0.0,-1155.889263369888,0.0,0.0,29.07442817486241,0.0,9900.0,-75.60991315,-9691.47605828747,9692.312711168332,0.0,-995.3941588031479,0.0,0.0,8.306769307568254,0.0,-5900.0,-36.30221915,-2768.9231025227514,7687.220263887037,0.0,-2330.3228739186147,0.0,0.0,3.9646630771366764,0.0,-4000.0,-39.307694,-1321.554359045559
t918,2731.545579941942,0.0,-2601.405547027985,0.0,0.0,29.953450711425184,0.0,9899.999999999674,-75.60991314999801,-9984.48357047506,9467.054891296746,0.0,-686.5118295680705,0.0,0.0,8.5583977208997,0.0,-5899.999999999676,-36.302219149998,-2852.7992402999002,5913.510216099277,0.0,-516.3195632572035,0.0,0.0,4.085906596315169,0.0,-4000.0,-39.307694,-1361.9688654383897
t919,3149.6887276338093,0.0,-0.0,0.0,0.0,33.39982527719025,0.0,8012.722592028678,-62.53605254292741,-11133.27509239675,7608.360044542347,0.0,-0.0,0.0,0.0,9.540658033181494,0.0,-4410.543642608037,-27.13771557366038,-3180.2193443938313,5150.589307295881,-3.35524679571056e-10,-0.0,0.0,0.0,4.552694145152362,0.0,-3602.1789494206423,-35.39833696926703,-1517.5647150507873
t920,4487.804261341952,0.0,-0.0,0.0,0.0,37.53123119903528,0.0,8044.640635137805,-59.56572800036529,-12510.410399678425,8899.628899707295,0.0,-0.0,0.0,0.0,10.719976741445747,0.0,-5304.385842187295,-32.63745377953228,-3573.3255804819155,4467.5587604394605,0.0,-0.0,0.0,0.0,5.116476509332348,0.0,-2740.2547929505104,-26.928274220833003,-1705.4921697774494
t921,5658.929116958759,0.0,-406.71285286677755,0.0,0.0,40.88061017455894,0.0,8394.589543679409,-60.816359759637464,-13626.870058186312,9881.540148784321,0.0,-64.25467578582133,0.0,0.0,11.677983712683545,0.0,-5900.0,-36.30221915,-3892.6612375611817,4371.5864449052,0.0,-0.0,0.0,0.0,5.574170794231153,0.0,-2494.5895436794085,-24.514140609637458,-1858.0569314103845
t922,6991.9663754851335,0.0,-0.0,0.0,0.0,43.669233393999455,0.0,7573.523327317029,-52.7478048630099,-14556.41113133315,11442.034821726798,0.0,-1359.7704817080107,0.0,0.0,12.475312299504875,0.0,-5900.0,-36.30221915,-4158.437433168292,2035.3511367719634,1633.0169833543894,-0.0,0.0,0.0,5.953056791663941,0.0,-1673.523327317028,-16.445585713009894,-1984.3522638879801
t923,9536.417800296542,0.0,-1102.4612669913338,0.0,0.0,45.97590977442797,0.0,6891.415599465675,-46.04478440265582,-15325.303258142656,13675.353567669945,0.0,-3374.4564742541884,0.0,0.0,13.133184175323239,0.0,-5900.0,-36.30221915,-4377.728058441079,3084.319855286142,0.0,-0.0,0.0,0.0,6.268289941528018,0.0,-991.4155994656745,-9.742565252655822,-2089.4299805093397
t924,8561.024684301634,0.0,-342.9432926765465,0.0,0.0,47.6157414719468,0.0,7659.8124523791075,-53.59576149387688,-15871.913823982264,12463.163632575996,0.0,-2006.1002867338314,0.0,0.0,13.60309265805064,0.0,-5900.0,-36.30221915,-4534.364219350214,3934.8102216070515,0.0,-0.0,0.0,0.0,6.492590452008229,0.0,-1759.8124523791068,-17.293542343876872,-2164.196817336076
t925,10295.037055329769,0.0,-0.0,0.0,0.0,48.6220707207014,0.0,5900.0,-36.30221915,-16207.356906900468,14049.391608184995,0.0,-3497.6209866777863,0.0,0.0,13.88806941531758,0.0,-5900.0,-36.30221915,-4629.356471772527,1736.0330323429598,467.0011152739665,-0.0,0.0,0.0,6.628989411084032,0.0,-0.0,-0.0,-2209.6631370280106
t926,9604.89145905476,0.0,-0.0,0.0,0.0,49.43743990116826,0.0,6870.658541145282,-45.84080637845628,-16479.146633722754,11288.91929391466,0.0,-659.5693082988474,0.0,0.0,14.121507822866032,0.0,-5900.0,-36.30221915,-4707.169274288677,1605.2480347336111,1615.2545094151333,-0.0,0.0,0.0,6.741139666324137,0.0,-970.658541145281,-9.538587228456278,-2247.0465554413786
t927,10714.090337036212,0.0,-0.0,0.0,0.0,49.88301339383972,0.0,5899.999999999856,-36.30221915,-16627.67113127991,10671.666002402322,0.0,-0.0,0.0,0.0,14.248837863347005,0.0,-5900.0,-36.30221915,-4749.612621115668,1480.2000580323536,780.2519891793828,-0.0,0.0,0.0,6.801761425913382,0.0,1.4366285938649526e-10,-0.0,-2267.253808637794
t928,8625.693476999424,0.0,-0.0,0.0,0.0,50.125502369443254,0.0,8097.199237431729,-64.51742698617957,-16708.500789814418,8881.953334691094,0.0,-0.0,0.0,0.0,14.321597886478989,0.0,-4097.199237431729,-25.20973298617958,-4773.865962159663,1251.6415952135544,5059.19879328858,-0.0,0.0,0.0,6.835103393687467,0.0,-4000.0,-39.307694,-2278.367797895822
t929,8566.58097455684,0.0,-0.0,0.0,0.0,452.46624180300364,0.0,7801.660742017238,-62.69900271028159,-16758.008955666803,7388.780113312418,1094.0260398825035,-0.0,0.0,0.0,129.24908609107933,0.0,-3801.660742017238,-23.39130871028159,-4787.003188558494,1372.1655915117883,4945.726117993236,-0.0,0.0,0.0,6.856321009543703,0.0,-4000.0,-39.307694,-2285.4403365145677
t930,6623.019876759578,2895.8437335655512,-0.0,0.0,0.0,448.7561604762698,0.0,6708.954435216843,-55.975669860102755,-16620.59853615814,5398.617801131989,1946.4111485542003,-0.0,0.0,0.0,128.18497075277403,0.0,-2708.954435216843,-16.667975860102764,-4747.5915093620015,1279.4783507486436,5019.274058891396,-0.0,0.0,0.0,6.798730337933921,0.0,-4000.0,-39.307694,-2266.2434459779734
t931,5623.542980122821,2895.8437335655512,-0.0,0.0,0.0,440.1356773935645,0.0,7402.0391575350195,-60.24016367012164,-16301.321384946836,2978.5710333016455,4975.312754378436,-0.0,0.0,0.0,125.72931997206955,0.0,-3402.03915753502,-20.93246967012164,-4656.6414804470205,1660.1758155011282,4595.2613365497355,-0.0,0.0,0.0,6.668393554817042,0.0,-4000.0,-39.307694,-2222.7978516056805
t932,5133.438044061181,2895.8437335655512,-0.0,0.0,0.0,427.36863282803904,0.0,7432.243480472701,-60.42600840750487,-15828.467882519966,3224.5712571893678,4627.9444018325385,-0.0,0.0,0.0,122.07312880968733,0.0,-3432.2434804727004,-21.118314407504865,-4521.226992951383,2776.2226651727783,3414.745266280242,-0.0,0.0,0.0,6.4744039241314555,0.0,-4000.0,-39.307694,-2158.1346413771516
t933,4732.443096374386,2563.5061518475745,-0.0,0.0,0.0,419.1846299014201,0.0,7873.362965540084,-63.140180647886446,-15525.356663015562,1714.4157012626786,6497.372320405344,-0.0,0.0,0.0,119.7266180636808,0.0,-3873.362965540084,-23.832486647886444,-4434.319187543734,2920.660634477804,3229.006702529723,-0.0,0.0,0.0,6.350129316973501,0.0,-4000.0,-39.307694,-2116.7097723245
t934,4732.443096374386,2895.8437335655512,-0.0,0.0,0.0,405.4355049847004,0.0,7040.422646070352,-58.01516674682522,-15016.129814248163,2197.2653819614097,5034.86630132097,-0.0,0.0,0.0,115.79757681455366,0.0,-3040.4226460703517,-18.707472746825218,-4288.799141279765,3499.122668965229,2581.038789585248,-0.0,0.0,0.0,6.140984246390602,0.0,-4000.0,-39.307694,-2046.9947487968673
t935,4732.443096374386,0.0,-0.0,0.0,0.0,368.00733160029665,0.0,8597.043671458096,-67.59292905142243,-13629.901170381358,2933.328901577037,5479.559389079509,-0.0,0.0,0.0,105.1018534141519,0.0,-4597.043671458096,-28.28523505142244,-3892.6612375611817,3929.5822616966598,1962.2081929194937,-0.0,0.0,0.0,5.574170794231153,0.0,-4000.0,-39.307694,-1858.0569314103845
t936,4732.443096374386,0.0,-0.0,0.0,0.0,330.1972380793173,0.0,7226.044283370276,-59.157281552968215,-12229.52733627101,4189.73194746805,2455.3293146795527,-0.0,0.0,0.0,94.32427498772668,0.0,-3226.044283370276,-19.849587552968213,-3493.491666212099,3565.9173427720225,2136.4947763379664,-0.0,0.0,0.0,5.004326254092243,0.0,-4000.0,-39.307694,-1668.108751364081
t937,3856.5778656821444,0.0,-0.0,0.0,0.0,33.48166530645644,0.0,7330.2942945388595,-59.7987233753126,-11160.555102152148,6529.524203948444,0.0,-0.0,0.0,0.0,9.56491137422549,0.0,-3330.2942945388595,-20.491029375312596,-3188.303791408496,4466.094359780486,1090.2546814125137,-0.0,0.0,0.0,4.564818497070211,0.0,-4000.0,-39.307694,-1521.6061656900702
t938,2262.0318548098003,0.0,-0.0,0.0,0.0,31.368980106510744,0.0,8228.249636665996,-65.3237694120605,-10456.326702170249,7231.499750271805,0.0,-0.0,0.0,0.0,8.958577848125618,0.0,-4228.249636665997,-26.016075412060495,-2986.192616041872,5607.376739001606,0.0,-146.72419713352917,0.0,0.0,4.276865139021293,0.0,-4000.0,-39.307694,-1425.6217130070977
t939,2214.7833691032124,0.0,-0.0,0.0,0.0,29.93829515044996,0.0,7797.3827330326485,-62.67268046965714,-9979.431716816654,6661.965989453699,0.0,-0.0,0.0,0.0,8.549302718008203,0.0,-3797.3827330326485,-23.364986469657143,-2849.767572669401,6409.538407737807,0.0,-1013.355086467574,0.0,0.0,4.0828755083357064,0.0,-4000.0,-39.307694,-1360.9585027785688
t940,2214.7833691032124,0.0,-771.4872241587916,0.0,0.0,29.019868155351617,0.0,8266.53269396096,-65.55932194352724,-9673.289385117207,7048.363034073657,0.0,-0.0,0.0,0.0,8.291610969415757,0.0,-4266.5326939609595,-26.25162794352723,-2763.8703231385857,7379.1639420318315,0.0,-2025.2885467789338,0.0,0.0,3.9555698131982897,0.0,-4000.0,-39.307694,-1318.5232710660966
t941,2214.7833691032124,0.0,-268.2465722830184,0.0,0.0,28.980463696816052,0.0,7746.999984613165,-62.362679524826056,-9660.15456560535,6520.596061261148,0.0,-0.0,0.0,0.0,8.276452631263261,0.0,-3746.9999846131645,-23.05498552482606,-2758.81754375442,7857.490719735675,0.0,-2505.629987626459,0.0,0.0,3.949507637239366,0.0,-4000.0,-39.307694,-1316.5025457464553
t942,3526.1452250519224,0.0,-401.7816724908145,0.0,0.0,29.826143999233334,0.0,6844.6690137854,-56.81071060129695,-9942.047999744444,5693.315058246063,0.0,-0.0,0.0,0.0,8.51898604170321,0.0,-2844.6690137854002,-17.50301660129694,-2839.6620139010697,8382.17395534205,0.0,-2991.027291931025,0.0,0.0,4.067720068438395,0.0,-4000.0,-39.307694,-1355.906689479465
t943,4146.115386892238,0.0,-0.0,0.0,0.0,33.05427848695523,0.0,6896.050017334464,-57.126853728582546,-11018.092828985078,6052.307088729213,0.0,-0.0,0.0,0.0,9.443644669005513,0.0,-2896.0500173344644,-17.819159728582548,-3147.8815563351714,4771.823200389922,765.3865409380934,-0.0,0.0,0.0,4.507227825460427,0.0,-4000.0,-39.307694,-1502.4092751534758
t944,5422.272883478522,0.0,-0.0,0.0,0.0,37.10081326733902,0.0,6965.115869320799,-57.551810286987525,-12366.937755779674,6505.664620980151,0.0,-0.0,0.0,0.0,10.598710036225773,0.0,-2965.115869320799,-18.244116286987527,-3532.9033454085907,3156.4806807413743,2564.063406661758,-0.0,0.0,0.0,5.058885837722564,0.0,-4000.0,-39.307694,-1686.2952792408548
t945,9053.323431548088,0.0,-0.0,0.0,0.0,40.44716113066764,0.0,4419.690839425399,-31.07438854827504,-13482.38704355588,7224.893895868116,0.0,-0.0,0.0,0.0,11.55671700746357,0.0,-3363.5161695232146,-20.695440864508523,-3852.239002487857,2898.8897467652782,0.0,-0.0,0.0,0.0,5.513549034641907,0.0,-1056.1746699021842,-10.378947683766517,-1837.8496782139694
t946,8126.1473276451925,0.0,-0.0,0.0,0.0,43.253971023278424,0.0,6290.630996992206,-42.041954567871,-14417.990341092807,9522.358810681642,0.0,-0.0,0.0,0.0,12.357077261915402,0.0,-5382.571609537858,-33.11852443390027,-4119.0257539718,2787.736516202555,89.5135401889479,-0.0,0.0,0.0,5.898497208033619,0.0,-908.0593874543478,-8.923430133970735,-1966.1657360112063
t947,9107.561388800566,0.0,-0.0,0.0,0.0,45.55761629151189,0.0,6075.266521587063,-42.51342950850935,-15185.87209717063,9032.291394793712,0.0,-0.0,0.0,0.0,13.014949137733764,0.0,-4678.205348451574,-28.784616235286634,-4338.316379244588,3016.862993499757,458.95671518366726,-0.0,0.0,0.0,6.213730357897696,0.0,-1397.0611731354898,-13.728813273222713,-2071.2434526325655
t948,9442.325939722274,0.0,-382.3470044039461,0.0,0.0,47.39143916951353,0.0,6739.994238415668,-50.218223065667466,-15797.146389837844,8884.470091250325,0.0,-0.0,0.0,0.0,13.536395970179655,0.0,-4359.053595649456,-26.82090151116306,-4512.131990059885,4551.968875486372,0.0,-0.0,0.0,0.0,6.462279572213606,0.0,-2380.9406427662125,-23.397321554504398,-2154.0931907378686
t949,9586.828623573372,0.0,-0.0,0.0,0.0,48.60085293533611,0.0,6614.225225539586,-49.370390269591965,-16200.284311778702,8893.046679394,0.0,-0.0,0.0,0.0,13.882006080056582,0.0,-4253.42236430157,-26.17096115362487,-4627.33536001886,4586.029106399068,0.0,-0.0,0.0,0.0,6.625958323104569,0.0,-2360.8028612380162,-23.1994291159671,-2208.6527743681895
t950,9409.812835855779,0.0,-0.0,0.0,0.0,49.29800874019623,0.0,7028.038517965528,-54.47978249609239,-16432.66958006541,8672.935320155295,0.0,-0.0,0.0,0.0,14.07906447603904,0.0,-3969.5684613951867,-24.42443122313498,-4693.021492013013,5321.7795026154645,0.0,-0.0,0.0,0.0,6.719922050467901,0.0,-3058.470056570341,-30.055351272957413,-2239.9740168226335
t951,10488.624119014567,0.0,-0.0,0.0,0.0,49.16160869141925,0.0,5900.417980382992,-51.00081094923114,-16387.20289713975,6578.9632343587655,0.0,-0.0,0.0,0.0,14.042684464473048,0.0,-1900.4179803829913,-11.693116949231143,-4680.894821491016,7577.7244516437395,0.0,-1310.1993207307803,0.0,0.0,6.704766610570588,0.0,-4000.0,-39.307694,-2234.9222035235293
t952,8849.565397098573,0.0,-0.0,0.0,0.0,436.61655613511846,0.0,6942.212495017779,-57.41088769152604,-16170.983560559944,7409.274569809833,44.588986384371765,-0.0,0.0,0.0,124.69248964243879,0.0,-2942.2124950177786,-18.103193691526048,-4618.240357127363,8044.928450889134,0.0,-1807.6232671314149,0.0,0.0,6.613833971186719,0.0,-4000.0,-39.307694,-2204.6113237289064
t953,6745.847158033011,2895.8437335655512,-0.0,0.0,0.0,422.8674312183986,0.0,5646.63771060798,-49.43932163239748,-15661.756711792543,4184.63756851199,1825.0719030666417,-0.0,0.0,0.0,120.7907334019861,0.0,-1646.6377106079801,-10.131627632397487,-4473.730866740226,7006.920246197778,0.0,-838.1136093252682,0.0,0.0,6.407719988583283,0.0,-4000.0,-39.307694,-2135.9066628610944
t954,5615.113656898173,0.0,-0.0,0.0,0.0,404.69894472130477,0.0,9039.351616663464,-70.31441379017353,-14988.849804492767,5265.3293245108425,3971.147680330921,-0.0,0.0,0.0,115.60658175383222,0.0,-5039.351616663464,-31.00671979017353,-4281.725250141933,6804.403960746173,0.0,-727.2644969112202,0.0,0.0,6.131890982452215,0.0,-4000.0,-39.307694,-2043.963660817405
t955,4838.411731198524,2895.8437335655512,-0.0,0.0,0.0,382.6021368194337,0.0,6105.856769321677,-52.26485907430958,-14170.449511830877,3097.0553588047287,2959.7584025665587,-0.0,0.0,0.0,109.27645974134951,0.0,-2105.8567693216773,-12.95716507430958,-4047.276286716649,4553.153661225583,1413.179329706827,-0.0,0.0,0.0,5.798471304711364,0.0,-4000.0,-39.307694,-1932.8237682371212
t956,4732.443096374386,2895.8437335655512,-0.0,0.0,0.0,364.6791704101382,0.0,5562.59213683283,-48.922196066673244,-13506.635941116232,1324.2191226763512,4001.132419984579,-0.0,0.0,0.0,104.14687811054462,0.0,-1562.5921368328297,-9.614502066673248,-3857.2917818720225,3156.9255880780133,2718.7475613886795,-0.0,0.0,0.0,5.525673386559757,0.0,-4000.0,-39.307694,-1841.8911288532524
t957,4732.443096374386,2895.8437335655512,-0.0,0.0,0.0,356.41332745425314,0.0,5262.871491385058,-47.07803936246571,-13200.493609416784,1422.5278161847339,3516.6976296626312,-0.0,0.0,0.0,101.80036736453809,0.0,-1262.8714913850588,-7.770345362465718,-3770.383976464374,3583.7798129453313,2250.592742075868,-0.0,0.0,0.0,5.401398779401804,0.0,-4000.0,-39.307694,-1800.4662598006012
t958,4732.443096374386,0.0,-0.0,0.0,0.0,342.99156265459817,0.0,7689.968318733328,-62.01176833274818,-12703.391209429563,3455.4103498680042,3788.1877307557425,-0.0,0.0,0.0,97.9804661501089,0.0,-3689.968318733327,-22.70407433274819,-3628.906153707737,4216.80970240111,1549.06430573488,-0.0,0.0,0.0,5.195284796798369,0.0,-4000.0,-39.307694,-1731.7615989327892
t959,4732.443096374386,0.0,-0.0,0.0,0.0,315.4114727918925,0.0,6689.91032352641,-55.85849299296663,-11681.906399699721,4524.335444169395,1427.9028141416304,-0.0,0.0,0.0,90.06781363450558,0.0,-2689.91032352641,-16.550798992966637,-3335.844949426132,5626.862251221891,0.0,-0.0,0.0,0.0,4.7769946556325715,0.0,-4000.0,-39.307694,-1592.3315518775237
t960,3960.8740359936432,0.0,-0.0,0.0,0.0,285.53986210960716,0.0,6383.107309457242,-53.97075905184469,-10575.550448508648,5487.489296203295,0.0,-0.0,0.0,0.0,-68.15684996317772,0.0,-2383.107309457242,-14.663065051844692,-3021.562071731031,5837.549810299973,0.0,-360.7799632824358,0.0,0.0,4.32536254669269,0.0,-4000.0,-39.307694,-1441.78751556423
t961,932.1104543140368,0.0,-0.0,0.0,0.0,29.04714816510702,0.0,8785.886726463823,-64.66160724062539,-9682.382721702339,8693.895979737576,0.0,-0.0,0.0,0.0,8.297674304676756,0.0,-5900.0,-36.30221915,-2765.8914348922517,4230.828478951027,0.0,-0.0,0.0,0.0,3.9616319891572145,0.0,-2885.8867264638207,-28.359388090625394,-1320.5439963857382
t962,1221.835119354617,0.0,-0.0,0.0,0.0,27.377005345637755,0.0,7936.111822607159,-59.655498761496325,-9125.668448545917,7619.7814327389315,0.0,-0.0,0.0,0.0,7.821702486688356,0.0,-4989.667952740891,-30.701020255276557,-2607.234162229452,2446.0262020672267,1770.404642813778,-0.0,0.0,0.0,3.734300390697543,0.0,-2946.443869866268,-28.954478506219772,-1244.766796899181
t963,571.8188358579607,0.0,-0.0,0.0,0.0,26.210027150545795,0.0,8198.990748821281,-60.343894981189734,-8736.675716848598,8026.8769523959445,0.0,-0.0,0.0,0.0,7.485187379702926,0.0,-5505.425247021906,-33.87443285276815,-2495.062459900975,1579.0939788125281,2328.584908316118,-0.0,0.0,0.0,3.573652727786042,0.0,-2693.565501799376,-26.469462128421583,-1191.2175759286806
t964,571.8188358579607,0.0,-0.0,0.0,0.0,25.488622448125316,0.0,7956.616924724273,-57.71690032192212,-8496.207482708438,8025.516646935902,0.0,-0.0,0.0,0.0,7.27903398082897,0.0,-5572.165937756912,-34.285082883494354,-2426.3446602763233,1877.398564016735,1684.8862217191847,-0.0,0.0,0.0,3.473626824463786,0.0,-2384.450986967361,-23.43181743842776,-1157.8756081545953
t965,1221.8351193539127,0.0,-0.0,0.0,0.0,25.26128903349701,0.0,7225.741111204278,-52.40784175935096,-8420.429677832337,7491.368643966796,0.0,-0.0,0.0,0.0,7.215368960588482,0.0,-5062.313026590458,-31.147999474099425,-2405.1229868628275,2887.5895376099534,441.4270549008365,-0.0,0.0,0.0,3.443315944669163,0.0,-2163.4280846138195,-21.259842285251537,-1147.7719815563876
t966,623.5989642371285,0.0,-0.0,0.0,0.0,25.382533521298775,0.0,7870.133536655113,-58.27052731394929,-8460.844507099591,7631.084767774767,0.0,-0.0,0.0,0.0,7.248717304523976,0.0,-5190.159753605386,-31.934629965914013,-2416.239101507992,3855.6750038686882,0.0,-0.0,0.0,0.0,3.458471384566475,0.0,-2679.9737830497274,-26.33589734803527,-1152.8237948554915
t967,750.2097669941071,0.0,-0.0,0.0,0.0,26.297929404202073,0.0,8049.1790997302105,-59.710328061162805,-8765.976468067358,7806.282310051001,0.0,-0.0,0.0,0.0,7.512472388377421,0.0,-5277.167339098571,-32.469980548335364,-2504.1574627924733,3905.984413492083,83.93361256880276,-0.0,0.0,0.0,3.582745991724429,0.0,-2772.0117606316403,-27.24034751282744,-1194.2486639081428
t968,2411.9906312829617,0.0,-0.0,0.0,0.0,28.095378935863188,0.0,6974.817587416669,-49.77728568109745,-9365.126311954396,7805.495537105225,0.0,-0.0,0.0,0.0,8.024824217931814,0.0,-5107.155046577433,-31.42390876845465,-2674.9414059772707,1265.5011484865922,1892.7745445008602,-0.0,0.0,0.0,3.828264118060874,0.0,-1867.662540839237,-18.353376912642805,-1276.0880393536247
t969,4048.483525895968,0.0,-0.0,0.0,0.0,30.51420646750833,0.0,6132.879201632824,-40.47477816019146,-10171.40215583611,8316.967287880556,0.0,-0.0,0.0,0.0,8.716044437685666,0.0,-5387.188256138841,-33.14693028417941,-2905.3481458952224,1654.8325283532663,481.25251315485235,-0.0,0.0,0.0,4.161683795801726,0.0,-745.6909454939833,-7.3278478760120445,-1387.2279319339086
t970,5504.3480656953,0.0,-802.2666193434379,0.0,0.0,32.72085614550039,0.0,6211.513181355188,-39.36343535241905,-10906.95204850013,9583.755996573145,0.0,-541.2566404514631,0.0,0.0,9.346631304829536,0.0,-5900.0,-36.30221915,-3115.543768276512,1797.3664713080022,0.0,-0.0,0.0,0.0,4.461761505768493,0.0,-311.51318135518716,-3.06121620241905,-1487.2538352561644
t971,6680.840750049651,0.0,-1212.066335593723,0.0,0.0,34.636519052768215,0.0,6080.168135044261,-38.07271763021762,-11545.50635092274,11177.05960665523,0.0,-1952.1983686678723,0.0,0.0,9.895363145949922,0.0,-5900.0,-36.30221915,-3298.4543819833066,1751.3612224532262,0.0,-0.0,0.0,0.0,4.72243507200225,0.0,-180.16813504426085,-1.7704984802176205,-1574.14502400075
t972,7049.322593869952,0.0,-1774.0106636497342,0.0,0.0,36.05507956004883,0.0,6751.664302669357,-44.67145910001262,-12018.35985334961,10775.463096038366,0.0,-1416.6011382270601,0.0,0.0,10.298574940806335,0.0,-5900.0,-36.30221915,-3432.8583136021116,2492.918020574119,0.0,-0.0,0.0,0.0,4.913393614708375,0.0,-851.6643026693567,-8.369239950012615,-1637.797871569458
t973,7245.605406101025,0.0,-2895.8437335655512,0.0,0.0,36.92803987222151,0.0,7982.781674018527,-60.12476235238295,-12309.346624073838,12149.557007113817,0.0,-3626.9258446963563,0.0,0.0,10.547171686507282,0.0,-4986.771241573991,-30.68319702754858,-3515.7238955024277,4698.629738597771,0.0,-0.0,0.0,0.0,5.034637133886866,0.0,-2996.0104324445356,-29.44156532483437,-1678.2123779622887
t974,7260.055674486135,0.0,-2895.8437335655512,0.0,0.0,37.32814668196733,0.0,8100.742906412372,-59.56743335914648,-12442.715560655775,11327.981952530008,0.0,-2296.9820481840193,0.0,0.0,10.662375056466258,0.0,-5453.979370015979,-33.55789056438966,-3554.125018822086,4364.082788312695,0.0,-0.0,0.0,0.0,5.089196717517187,0.0,-2646.763536396393,-26.00954279475682,-1696.3989058390623
t975,6514.662663620891,0.0,-2259.204819626759,0.0,0.0,37.58276010635103,0.0,8294.377683492312,-59.83158547578617,-12527.586702117009,11154.180096701008,0.0,-1650.2346527645245,0.0,0.0,10.735135079598244,0.0,-5900.0,-36.30221915,-3578.378359866081,4121.304737801739,0.0,-0.0,0.0,0.0,5.125569773270735,0.0,-2394.3776834923124,-23.529366325786167,-1708.5232577569116
t976,5117.803386393614,0.0,-641.5098667593652,0.0,0.0,37.67975569659243,0.0,8103.905116329399,-57.9598261294276,-12559.918565530812,11621.200854457687,0.0,-2107.180168429176,0.0,0.0,10.765451755903236,0.0,-5900.0,-36.30221915,-3588.483918634412,3932.9897375798314,0.0,-0.0,0.0,0.0,5.137694125188584,0.0,-2203.905116329398,-21.657606979427594,-1712.5647083961946
t977,3443.9806317844905,0.0,-850.8952292268485,0.0,0.0,37.36452002830785,0.0,9900.0,-75.60991315,-12454.840009435951,14564.885658994308,0.0,-5081.090699241877,0.0,0.0,10.674501726988256,0.0,-5900.0,-36.30221915,-3558.1672423294185,6129.3832802061315,0.0,-396.75121394090394,0.0,0.0,5.095258893476112,0.0,-4000.0,-39.307694,-1698.4196311587039
t978,2207.274328294391,0.0,-0.0,0.0,0.0,36.20360405760599,0.0,9900.0,-75.60991315,-12067.868019201997,13565.359190213563,0.0,-4192.39189347342,0.0,0.0,10.341018287633327,0.0,-5900.0,-36.30221915,-3447.0060958777754,5941.913574053352,0.0,-262.670081095713,0.0,0.0,4.93461123056461,0.0,-4000.0,-39.307694,-1644.8704101882036
t979,1638.127443284629,0.0,-0.0,0.0,0.0,34.49102566740611,0.0,9900.0,-75.60991315,-11497.008555802036,10556.982600271516,0.0,-1346.2267012129937,0.0,0.0,9.852919799122928,0.0,-5900.0,-36.30221915,-3284.306599707643,4906.5087270142385,695.1702349116204,-0.0,0.0,0.0,4.701217456146015,0.0,-4000.0,-39.307694,-1567.0724853820047
t980,2151.0462349930995,0.0,-0.0,0.0,0.0,296.7519461192014,0.0,8610.691541400256,-67.67690328287514,-10990.81281922968,4362.58866466138,3331.494673390587,-0.0,0.0,0.0,84.77452195165368,0.0,-4610.691541400255,-28.369209282875147,-3139.7971093205065,4362.9967245352955,1170.1836905053544,-0.0,0.0,0.0,4.495103473542578,0.0,-4000.0,-39.307694,-1498.3678245141928
t981,1321.3599918813816,2895.8437335655512,-0.0,0.0,0.0,289.57730355353215,0.0,6271.588883059997,-53.284595262974186,-10725.085316797487,3892.5892270716704,1373.2705586401494,-0.0,0.0,0.0,82.7008612923921,0.0,-2271.588883059997,-13.976901262974193,-3062.9948626811893,2303.2618354549563,3193.654642999407,-0.0,0.0,0.0,4.3859843062819355,0.0,-4000.0,-39.307694,-1461.9947687606452
t982,1321.3599918813816,0.0,-0.0,0.0,0.0,282.7300211049277,0.0,8937.077378899723,-69.68512874056361,-10471.48226314547,6277.603392531379,1600.333190858437,-0.0,0.0,0.0,80.76362567650303,0.0,-4937.077378899723,-30.377434740563615,-2991.2453954260377,1997.426167119548,3465.241037892211,-0.0,0.0,0.0,4.282927314980218,0.0,-4000.0,-39.307694,-1427.6424383267392
t983,1321.3599918813816,0.0,-0.0,0.0,0.0,262.4064138371574,0.0,8200.140478376328,-65.15081605200055,-9718.756068042867,6993.652603107931,0.0,-0.0,0.0,0.0,8.327990980981749,0.0,-4200.140478376328,-25.84312205200056,-2775.996993660583,1853.8320798242314,3507.094636431556,-0.0,0.0,0.0,3.976787429054526,0.0,-4000.0,-39.307694,-1325.5958096848422
t984,512.1142004455908,0.0,-0.0,0.0,0.0,26.53435615541551,0.0,8366.678912661282,-60.542084123785585,-8844.785385138503,8455.112742156554,0.0,-0.0,0.0,0.0,7.579169076248407,0.0,-5900.0,-36.30221915,-2526.389692082802,2801.474279350786,891.1910634906145,-0.0,0.0,0.0,3.616087959498514,0.0,-2466.678912661281,-24.23986497378559,-1205.3626531661712
t985,0.0,0.0,-653.3995761764534,0.0,0.0,24.485324311565737,0.0,8859.899280578407,-69.21025819160756,-8161.774770521913,7214.160195400463,0.0,-0.0,0.0,0.0,6.99405722356203,0.0,-4859.899280578406,-29.90256419160757,-2331.35240785401,5621.824305304796,0.0,-473.444550707524,0.0,0.0,3.3372278653879826,0.0,-4000.0,-39.307694,-1112.409288462661
t986,0.0,0.0,-2141.2887697017013,0.0,0.0,22.981892662823892,0.0,9854.26628195702,-75.32851731017956,-7660.630887607965,8071.577018190876,0.0,-0.0,0.0,0.0,6.563560420031122,0.0,-5854.2662819570205,-36.020823310179566,-2187.853473343707,6565.85360942571,0.0,-1484.9650701418043,0.0,0.0,3.134144970764009,0.0,-4000.0,-39.307694,-1044.7149902546698
t987,0.0,0.0,-2509.089770140476,0.0,0.0,22.0119367604098,0.0,9900.0,-75.60991315,-7337.312253469934,8383.437408956706,0.0,-357.5299799204679,0.0,0.0,6.287678665655678,0.0,-5900.0,-36.30221915,-2095.8928885518926,6282.649927075441,0.0,-1246.083976952553,0.0,0.0,3.000777099667668,0.0,-4000.0,-39.307694,-1000.259033222556
t988,0.0,0.0,-2704.5136563208184,0.0,0.0,21.42390099457126,0.0,9900.0,-75.60991315,-7141.300331523753,8387.531013040265,0.0,-418.0449397193744,0.0,0.0,6.117905278347713,0.0,-5900.0,-36.30221915,-2039.3017594492378,7231.068229759639,0.0,-2220.6929005046245,0.0,0.0,2.921968812201649,0.0,-4000.0,-39.307694,-973.9896040672163
t989,0.0,0.0,-2789.130184357668,0.0,0.0,21.16928757018756,0.0,9900.0,-75.60991315,-7056.42919006252,9407.012104685547,0.0,-1461.7066123855195,0.0,0.0,6.04514525521573,0.0,-5900.0,-36.30221915,-2015.048418405243,7069.20540650345,0.0,-2070.9180561105313,0.0,0.0,2.8855957564481014,0.0,-4000.0,-39.307694,-961.8652521493672
t990,2275.917270654786,0.0,-2895.8437335655512,0.0,0.0,20.863145238488112,0.0,7614.304042950305,-60.85897911532492,-6954.381746162704,12302.911244788556,0.0,-6497.372320405344,0.0,0.0,5.960258561561747,0.0,-3801.3568899575357,-23.389439133322185,-1986.7528538539157,9159.520234510826,0.0,-4363.219195577072,0.0,0.0,2.8461916127150912,0.0,-3812.9471529927696,-37.469539982002736,-948.7305375716971
t991,1063.2989153376593,0.0,-173.47962876372395,0.0,0.0,21.772478897001324,0.0,6399.975749384108,-54.07454918793684,-7257.492965667108,4482.182281855823,0.0,-0.0,0.0,0.0,6.2209819777846915,0.0,-2399.9757493841075,-14.76685518793684,-2073.660659261564,9571.50613900335,0.0,-4546.020836170717,0.0,0.0,2.967435131893583,0.0,-4000.0,-39.307694,-989.1450439645278
t992,2825.0274692889566,0.0,-2560.7522810367095,0.0,0.0,23.836666301826313,0.0,7719.637902250086,-62.19432286205574,-7945.555433942104,6005.4239049812295,0.0,-0.0,0.0,0.0,6.80912549810157,0.0,-3719.637902250086,-22.886628862055744,-2269.7084993671897,9838.674311672361,0.0,-4719.5071726584865,0.0,0.0,3.249326313983576,0.0,-4000.0,-39.307694,-1083.1087713278587
t993,4897.4367935201135,0.0,-2895.8437335655512,0.0,0.0,26.39189388224844,0.0,6826.008903375414,-56.695896462743285,-8797.29796074948,6295.966053711987,0.0,-946.8562395869106,0.0,0.0,7.539757397051914,0.0,-2826.008903375413,-17.38820246274329,-2513.2524656839714,9827.605761726563,0.0,-4592.595491950938,0.0,0.0,3.59790143162174,0.0,-4000.0,-39.307694,-1199.3004772072466
t994,6447.228077823133,0.0,-2895.8437335655512,0.0,0.0,28.625823569995895,0.0,6013.6284076526235,-51.69738548157137,-9541.941189998632,8992.817695500973,0.0,-4249.506804147307,0.0,0.0,8.17640759945678,0.0,-2013.6284076526233,-12.389691481571367,-2725.469199818927,10620.196057247429,0.0,-5283.445298715835,0.0,0.0,3.904041317547431,0.0,-4000.0,-39.307694,-1301.3471058491436
t995,7593.616036375175,0.0,-2895.8437335655512,0.0,0.0,30.232313033369238,0.0,5397.338465642767,-47.90540369601499,-10077.437677789745,8735.830481854744,0.0,-4459.457834497693,0.0,0.0,8.637221079292685,0.0,-1397.3384656427677,-8.597709696014999,-2879.0736930975613,10254.140942630367,0.0,-4844.862310926198,0.0,0.0,4.122279652068716,0.0,-4000.0,-39.307694,-1374.0932173562387
t996,8122.255021463772,0.0,-2895.8437335655512,0.0,0.0,31.3447312089504,0.0,5237.409088482217,-46.92137127259037,-10448.2437363168,9527.951461914894,0.0,-5307.709706384744,0.0,0.0,8.952514512864619,0.0,-1237.4090884822178,-7.613677272590375,-2984.171504288206,7885.970566586087,0.0,-2426.325356289853,0.0,0.0,4.273834051041831,0.0,-4000.0,-39.307694,-1424.611350347277
t997,8050.003679538223,0.0,-2895.8437335655512,0.0,0.0,32.0540114625907,0.0,5547.2845397644505,-48.82800966948067,-10684.670487530233,9314.849895767315,0.0,-4715.321928541467,0.0,0.0,9.155636244108075,0.0,-1547.28453976445,-9.52031566948067,-3051.878748036025,8482.214543127508,0.0,-2990.334722532352,0.0,0.0,4.370828866384624,0.0,-4000.0,-39.307694,-1456.9429554615415
t998,7938.014099553624,0.0,-2895.8437335655512,0.0,0.0,32.52080274062748,0.0,5816.058163350816,-50.48175187035726,-10840.26758020916,9136.753666492004,0.0,-4222.467268273998,0.0,0.0,9.289029619850046,0.0,-1816.0581633508166,-11.174057870357261,-3096.3432066166824,5774.899529787635,0.0,-261.86574618381206,0.0,0.0,4.434481713953333,0.0,-4000.0,-39.307694,-1478.1605713177773
t999,6971.050306783362,0.0,-2895.8437335655512,0.0,0.0,33.030029589394886,0.0,6956.434949412182,-54.66168908775958,-11010.009863131627,7901.348787520744,0.0,-1014.4546774679784,0.0,0.0,9.434549666114016,0.0,-3728.5373843640127,-22.941386650194943,-3144.849888704672,4755.505251670066,0.0,-0.0,0.0,0.0,4.501165649501503,0.0,-3227.897565048169,-31.72030243756463,-1500.3885498338343
t1000,5707.104982894284,0.0,-0.0,0.0,0.0,33.551380886942454,0.0,5486.322286481849,-43.18502128225722,-11183.793628980819,6122.902133692474,0.0,-0.0,0.0,0.0,9.583101380008484,0.0,-2920.150659388052,-17.967449014935944,-3194.367126669495,4111.452541269642,0.0,-0.0,0.0,0.0,4.573911761008597,0.0,-2566.1716270937973,-25.21757226732127,-1524.6372536695326
t1001,4632.683845427244,0.0,-0.0,0.0,0.0,34.01817216497924,0.0,6725.642008152355,-52.95330408483226,-11339.390721659745,6827.343458814092,0.0,-0.0,0.0,0.0,9.716494755750457,0.0,-3576.224152571187,-22.00421574850208,-3238.8315852501523,3611.689914105192,1109.8943347294767,-0.0,0.0,0.0,4.637564608577306,0.0,-3149.4178555811677,-30.949088336330178,-1545.8548695257687
t1002,4495.5656017148,0.0,-0.0,0.0,0.0,34.03029661375941,0.0,6870.807846969475,-56.97154071156364,-11343.43220458647,6118.594308384643,0.0,-0.0,0.0,0.0,9.719526423380957,0.0,-2870.807846969474,-17.663846711563647,-3239.8421411269856,2281.015681128303,3299.509317788888,-0.0,0.0,0.0,4.637564608577306,0.0,-4000.0,-39.307694,-1545.8548695257687
t1003,3770.573277016346,0.0,-0.0,0.0,0.0,303.1627484117195,0.0,7213.594595384172,-59.08067963743928,-11228.249941174798,5318.907995040509,1035.3613215165547,-0.0,0.0,0.0,86.60261753284479,0.0,-3213.594595384172,-19.77298563743928,-3207.5043530683256,2182.9084811063954,3382.506544233176,-0.0,0.0,0.0,4.592098288885372,0.0,-4000.0,-39.307694,-1530.6994296284572
t1004,2745.808410705646,2895.8437335655512,-0.0,0.0,0.0,297.9795465581942,0.0,5142.9882186819605,-46.340407356010274,-11036.279502155341,3148.341241296043,1069.4847993968688,-0.0,0.0,0.0,85.1292270644221,0.0,-1142.988218681961,-7.032713356010283,-3152.934335719337,3424.427794264359,2114.796610207339,-0.0,0.0,0.0,4.513290001419352,0.0,-4000.0,-39.307694,-1504.4300004731174
t1005,2745.808410705646,0.0,-0.0,0.0,0.0,300.1346673288706,0.0,8134.905140256883,-64.74942833323166,-11116.098789958169,5282.593598106675,1967.1903442378245,-0.0,0.0,0.0,85.72949725526098,0.0,-4134.905140256883,-25.44173433323167,-3175.1665650096656,3693.6173571452914,1856.687694616661,-0.0,0.0,0.0,4.546631969193437,0.0,-4000.0,-39.307694,-1515.5439897311458
t1006,2745.808410705646,0.0,-0.0,0.0,0.0,32.88453620403277,0.0,8248.266049872218,-65.4469287711807,-10961.512068010923,7395.715284753121,0.0,-0.0,0.0,0.0,9.392106319287027,0.0,-4248.266049872219,-26.139234771180696,-3130.7021064290084,4409.472976670957,1119.6781120823282,-0.0,0.0,0.0,4.482979121624729,0.0,-4000.0,-39.307694,-1494.3263738749097
t1007,1547.6055774334297,0.0,-0.0,0.0,0.0,30.317184174830466,0.0,8595.388038746847,-67.58274207828418,-10105.728058276822,7502.15975251702,0.0,-0.0,0.0,0.0,8.66147442033668,0.0,-4595.388038746846,-28.27504807828419,-2887.158140112226,4211.678034081034,1200.6225923386605,-0.0,0.0,0.0,4.131372916007104,0.0,-4000.0,-39.307694,-1377.1243053357011
t1008,1744.2651672839727,0.0,-0.0,0.0,0.0,27.477032048074207,0.0,7447.7901491521925,-60.52166579283628,-9159.010682691402,6077.4842985706155,0.0,-0.0,0.0,0.0,7.84898749536285,0.0,-3447.790149152192,-21.21397179283628,-2616.3291651209497,2932.495769757669,2351.87374703818,-0.0,0.0,0.0,3.7464247426153925,0.0,-4000.0,-39.307694,-1248.808247538464
t1009,1703.6795146947788,0.0,-0.0,0.0,0.0,25.773546994459455,0.0,6918.997316386692,-57.26804658944602,-8591.182331486485,5384.233973129305,0.0,-0.0,0.0,0.0,7.363920674482951,0.0,-2918.997316386692,-17.96035258944603,-2454.6402248276504,10611.918313673588,0.0,-5405.113327909521,0.0,0.0,3.5130309681967957,0.0,-4000.0,-39.307694,-1171.0103227322652
t1010,1186.2160742241444,0.0,-0.0,0.0,0.0,24.39742205790946,0.0,6979.500842878009,-57.64031985690964,-8132.474019303153,5314.131625691745,0.0,-0.0,0.0,0.0,6.969803882518035,0.0,-2979.500842878009,-18.332625856909644,-2323.267960839345,10605.734593199597,0.0,-5461.38416488969,0.0,0.0,3.325103513470134,0.0,-4000.0,-39.307694,-1108.3678378233778
t1011,1186.2160742241444,0.0,-0.0,0.0,0.0,23.609332887198015,0.0,6715.971064563274,-56.01884260861606,-7869.777629066004,7098.206514615372,0.0,-2124.7904601768514,0.0,0.0,6.7424288102305825,0.0,-2715.9710645632745,-16.711148608616067,-2247.4762700768606,10072.71412430926,0.0,-4963.620301013799,0.0,0.0,3.2190154341889534,0.0,-4000.0,-39.307694,-1073.0051447296512
t1012,1186.2160742241444,0.0,-2895.8437335655512,0.0,0.0,23.333501677449007,0.0,9537.507576961132,-73.37952681417434,-7777.833892483001,8588.237527141007,0.0,-801.112381329136,0.0,0.0,6.666637119468098,0.0,-5537.507576961133,-34.071832814174336,-2222.2123731560328,10048.429200577846,0.0,-4951.42335614448,0.0,0.0,3.182642378435406,0.0,-4000.0,-39.307694,-1060.880792811802
t1013,1186.2160742241444,0.0,-2895.8437335655512,0.0,0.0,23.80938629207092,0.0,9696.639020020413,-74.35864961410547,-7936.462097356973,8318.360467060738,0.0,-325.78616597553724,0.0,0.0,6.803062162840569,0.0,-5696.639020020413,-35.050955614105476,-2267.6873876135232,8761.89866050794,0.0,-3644.746184637749,0.0,0.0,3.243264138024652,0.0,-4000.0,-39.307694,-1081.0880460082174
t1014,1197.053775512977,0.0,-1176.3890044429108,0.0,0.0,25.324942389592938,0.0,8462.422364861557,-66.76461512357042,-8441.647463197645,6893.832049142581,0.0,-0.0,0.0,0.0,7.233558966371479,0.0,-4462.422364861556,-27.456921123570417,-2411.1863221238264,7403.81222666849,0.0,-2217.1538723412486,0.0,0.0,3.45240920860755,0.0,-4000.0,-39.307694,-1150.80306953585
t1015,3383.60299887337,0.0,-0.0,0.0,0.0,252.39465025692698,0.0,5762.1021251502425,-50.14976476472624,-9347.950009515813,2721.311087652783,1650.4180128054354,-0.0,0.0,0.0,72.11427792668833,0.0,-1762.1021251502423,-10.84207076472624,-2670.8991824699383,5836.004094027012,0.0,-525.4439563632898,0.0,0.0,3.8252330300814115,0.0,-4000.0,-39.307694,-1275.0776766938038
t1016,4428.8781319615255,0.0,-0.0,0.0,0.0,31.271984516269335,0.0,6015.55395549919,-51.70923322053914,-10423.994838756445,4996.121815030652,0.0,-0.0,0.0,0.0,8.931292839451121,0.0,-2015.5539554991901,-12.401539220539144,-2977.097613150374,4528.4296956351145,928.1935199455968,-0.0,0.0,0.0,4.264740787103444,0.0,-4000.0,-39.307694,-1421.5802623678146
t1017,5087.530551309447,0.0,-0.0,0.0,0.0,33.63625202840369,0.0,6143.413146532488,-52.495940402442955,-11212.084009467895,5350.453136107241,0.0,-0.0,0.0,0.0,9.610386388682981,0.0,-2143.4131465324876,-13.188246402442955,-3203.462129560993,2617.6633277701167,2945.737034425773,-0.0,0.0,0.0,4.586036112926447,0.0,-4000.0,-39.307694,-1528.6787043088157
t1018,5451.453625895706,0.0,-0.0,0.0,0.0,35.40035932591932,0.0,6364.075054474679,-50.8092643898661,-11800.119775306439,6573.450266275084,0.0,-0.0,0.0,0.0,10.113643215345874,0.0,-3192.7050504054555,-19.64445396968316,-3371.2144051152914,1957.0316820523979,2849.17499480836,-0.0,0.0,0.0,4.825492063303968,0.0,-3171.3700040692233,-31.164810420182942,-1608.497354434656
t1019,6076.427733551704,0.0,-0.0,0.0,0.0,37.05534658441337,0.0,6289.187869757386,-50.88875508904604,-12351.782194804455,6507.3204729690915,0.0,-0.0,0.0,0.0,10.586583365703776,0.0,-2970.767046911405,-18.27888752213155,-3528.8611219012582,3137.941657599394,1891.303431501109,-0.0,0.0,0.0,5.049792573784178,0.0,-3318.42082284598,-32.609867566914495,-1683.2641912613924
t1020,6617.108608961226,0.0,-0.0,0.0,0.0,38.37691150145256,0.0,6188.512831283605,-51.69451792874399,-12792.303833817521,8632.202094828512,0.0,-2491.546692284512,0.0,0.0,10.962510151885695,0.0,-2482.1752401121926,-15.272621955128251,-3654.170050628565,5482.421111714955,0.0,-0.0,0.0,0.0,5.234688940531378,0.0,-3706.337591171412,-36.42189597361574,-1744.896313510459
t1021,7283.025143708366,0.0,-2895.8437335655512,0.0,0.0,39.29836960874596,0.0,8741.458256721851,-68.48150022476163,-13099.45653624865,9527.024063898725,0.0,-1025.5298542748053,0.0,0.0,11.226265235739142,0.0,-4741.45825672185,-29.173806224761623,-3742.0884119130465,7141.155256882761,0.0,-1321.8926754391814,0.0,0.0,5.355932459709869,0.0,-4000.0,-39.307694,-1785.3108199032897
t1022,7634.648341079372,0.0,-2895.8437335655512,0.0,0.0,40.622965637980194,0.0,8830.590898949673,-69.02992610807908,-13540.988545993398,10867.26949630531,0.0,-2150.1536924199245,0.0,0.0,11.60522368955156,0.0,-4830.590898949674,-29.72223210807908,-3868.4078965171866,8472.690921959997,0.0,-2592.988446205939,0.0,0.0,5.537797738477606,0.0,-4000.0,-39.307694,-1845.9325794925355
t1023,7723.7583294542155,0.0,-2895.8437335655512,0.0,0.0,41.65657489649021,0.0,9086.558669651413,-70.60487493983358,-13885.524965496737,12718.327319134634,0.0,-3645.9389474230966,0.0,0.0,11.899295449709998,0.0,-5086.558669651415,-31.29718093983358,-3966.4318165699992,9183.133452439068,0.0,-3257.0937243803096,0.0,0.0,5.677227785532871,0.0,-4000.0,-39.307694,-1892.4092618442905
t1024,6529.202809618475,0.0,-2254.8048446535013,0.0,0.0,42.41738405744626,0.0,9897.909721965949,-75.59705183961415,-14139.128019148755,9961.273343988441,0.0,-0.0,0.0,0.0,12.117575519105953,0.0,-5897.90972196595,-36.28935783961415,-4039.191839701984,9162.848797996518,0.0,-3201.5524649233134,0.0,0.0,5.783315864814052,0.0,-4000.0,-39.307694,-1927.7719549380174
t1025,7717.965550260773,0.0,-0.0,0.0,0.0,81.68944102700016,0.0,6548.034924300921,-54.98554522437723,-14292.70437036432,6634.11058070389,0.0,-0.0,0.0,0.0,12.247937227217426,0.0,-2548.034924300921,-15.677851224377239,-4082.645742405808,10834.026102193777,0.0,-4851.575806111907,0.0,0.0,5.846968712382759,0.0,-4000.0,-39.307694,-1948.9895707942533
t1026,6629.040821920041,1401.0368160769456,-0.0,0.0,0.0,384.34805744377906,0.0,5871.510488726749,-50.822945509030845,-14235.113238658483,5839.707713706092,0.0,-0.0,0.0,0.0,109.79487490616492,0.0,-1871.5104887267482,-11.51525150903085,-4066.4768483764783,10096.8440813899,0.0,-4122.45243788276,0.0,0.0,5.822720008547062,0.0,-4000.0,-39.307694,-1940.9066695156873
t1027,5240.610867917412,2895.8437335655512,-0.0,0.0,0.0,375.3456542244983,0.0,5438.046518523862,-48.15587702768606,-13901.690897203638,4562.034070843064,749.1151425718874,-0.0,0.0,0.0,107.23008409076245,0.0,-1438.0465185238622,-8.848183027686064,-3971.484595954165,9933.952667890126,0.0,-4004.8909451158447,0.0,0.0,5.686321049471259,0.0,-4000.0,-39.307694,-1895.440349823753
t1028,4732.443096374386,2895.843733565572,-0.0,0.0,0.0,365.8522108296203,0.0,5605.126749883152,-49.183908074200914,-13550.08188257853,1544.1403606078543,3836.7900283970384,-0.0,0.0,0.0,104.50158322331305,0.0,-1605.1267498831521,-9.876214074200918,-3870.429008270853,10275.789225568422,0.0,-4395.079418242524,0.0,0.0,5.540828826457068,0.0,-4000.0,-39.307694,-1846.9429421523562
t1029,4732.443096374386,2895.8437335655512,-0.0,0.0,0.0,366.5342110735053,0.0,5629.856176075236,-49.33606621811258,-13575.341150870565,4408.099496046747,1004.5953733712527,-0.0,0.0,0.0,104.6925782840345,0.0,-1629.8561760752364,-10.02837221811258,-3877.5028994086847,11357.886297244355,0.0,-5473.14716363109,0.0,0.0,5.552953178374917,0.0,-4000.0,-39.307694,-1850.9843927916393
t1030,4732.443096374386,0.0,-0.0,0.0,0.0,352.86692618605167,0.0,8048.050409994341,-64.21501825658676,-13069.14541429821,7360.825175365042,344.33514586385144,-0.0,0.0,0.0,100.79082204358181,0.0,-4048.0504099943405,-24.90732425658676,-3732.9934090215484,10157.607387787411,0.0,-4342.374132631198,0.0,0.0,5.343808107792021,0.0,-4000.0,-39.307694,-1781.2693692640066
t1031,4732.443096374386,2895.8437335655512,-0.0,0.0,0.0,322.23147523074164,0.0,4023.432650639001,-39.45187318962074,-11934.49908262006,2793.608607920185,546.5408602074839,-0.0,0.0,0.0,92.03233425906915,0.0,-23.4326506390007,-0.14417918962074425,-3408.6049725581165,11266.327230845878,0.0,-5599.325291874628,0.0,0.0,0.0,0.0,-4000.0,-39.307694,-1627.6942449712506
t1032,4732.443096374386,1785.6286026343114,-0.0,0.0,0.0,290.7776239827696,0.0,4000.0,-39.307694,-10769.541628991466,1551.907026838045,1441.1694958368143,-0.0,0.0,0.0,83.05556640516055,0.0,-0.0,-0.0,-3076.13208908002,10500.420751145639,0.0,-4997.460283260228,0.0,0.0,4.40417083415871,0.0,-4000.0,-39.307694,-1468.0569447195699
t1033,4732.443096374386,963.7647591042171,-0.0,0.0,0.0,267.9715358272583,0.0,4000.0,-39.307694,-9924.871697305862,1701.7209204924688,1056.3538646924787,-0.0,0.0,0.0,76.53444933195641,0.0,-0.0,-0.0,-2834.609234516904,7745.501108810513,0.0,-2357.3764401150106,0.0,0.0,4.058626804500007,0.0,-4000.0,-39.307694,-1352.8756015000026
t1034,3511.116467336828,0.0,-0.0,0.0,0.0,28.20146786268973,0.0,5912.244933592156,-51.07358122843044,-9400.489287563243,4601.002644671951,0.0,-0.0,0.0,0.0,8.055140894236807,0.0,-1912.2449335921553,-11.765887228430445,-2685.046964745602,6919.285157240345,0.0,-1602.6810301455753,0.0,0.0,3.8434195579581854,0.0,-4000.0,-39.307694,-1281.1398526527285
t1035,4732.443096374386,0.0,-0.0,0.0,0.0,81.42901035366667,0.0,4296.346671762811,-41.131090919102824,-9069.08768757176,2881.4621410774353,0.0,-0.0,0.0,0.0,7.773195804600366,0.0,-296.3466717628105,-1.8233969191028243,-2591.065268200122,8739.636545918227,0.0,-3467.355007984474,0.0,0.0,3.710051686861845,0.0,-4000.0,-39.307694,-1236.683895620615
t1036,4732.443096374386,0.0,-0.0,0.0,0.0,240.82792612063892,0.0,3985.5002751627003,-39.21847837480367,-8919.552819282922,1448.8931774615357,1015.3437407038657,-0.0,0.0,0.0,68.78550686840005,0.0,14.499724837299738,0.08921562519633104,-2547.611365496298,6107.556161382143,0.0,-856.4285864570573,0.0,0.0,3.6463988392931372,0.0,-4000.0,-39.307694,-1215.466279764379
t1037,4732.443096374386,0.0,-0.0,0.0,0.0,242.73752680351666,0.0,4054.7426685004693,-39.644521177755905,-8990.278770500616,2044.65085414886,508.91991752043543,-0.0,0.0,0.0,69.33120704188991,0.0,-54.74266850046966,-0.33682717775590704,-2567.82248303296,5370.8369079296735,0.0,-109.63601728617502,0.0,0.0,3.67670971908776,0.0,-4000.0,-39.307694,-1225.5699063625864
t1038,4732.443096374386,0.0,-0.0,0.0,0.0,253.54041066665363,0.0,4446.456779382704,-42.05470617731425,-9390.38558024643,2337.583397470142,722.2045490510295,-0.0,0.0,0.0,72.44169803078228,0.0,-446.4567793827034,-2.747012177314254,-2683.025852991936,3417.47363244789,1898.1231630750392,-0.0,0.0,0.0,3.8403884699787234,0.0,-4000.0,-39.307694,-1280.1294899929078
t1039,4045.611296016021,0.0,-0.0,0.0,0.0,30.75669544311185,0.0,6219.238418879664,-43.37459596817822,-10252.231814370618,7778.411908528881,0.0,-0.0,0.0,0.0,8.785772793187153,0.0,-4828.894953167782,-29.711797091902678,-2928.5909310623842,2797.145828444678,0.0,-0.0,0.0,0.0,4.19199467559635,0.0,-1390.3434657118823,-13.66279887627554,-1397.3315585321163
t1040,5537.542632213682,0.0,-0.0,0.0,0.0,34.287941150338156,0.0,5908.533890900563,-51.050747485199054,-11429.313716779385,5175.5876643194315,0.0,-0.0,0.0,0.0,9.79531811414344,0.0,-1908.5338909005632,-11.743053485199056,-3265.1060380478134,3830.1186971387538,1762.494280640533,-0.0,0.0,0.0,4.673937664330853,0.0,-4000.0,-39.307694,-1557.9792214436177
t1041,5849.960825253883,0.0,-0.0,0.0,0.0,37.33420890635741,0.0,6611.027203749402,-53.585935790505125,-12444.736302119138,6660.999341247604,0.0,-0.0,0.0,0.0,10.665406724096758,0.0,-3097.4706885698715,-19.0584847029093,-3555.1355746989193,4624.93331210291,614.4603632857613,-0.0,0.0,0.0,5.089196717517187,0.0,-3513.5565151795304,-34.52745108759583,-1696.3989058390623
t1042,6559.2281651563535,0.0,-0.0,0.0,0.0,39.83487646726874,0.0,6728.986613554956,-49.75749942233129,-13278.292155756248,8264.669453170125,0.0,-0.0,0.0,0.0,11.380880284894607,0.0,-4455.012244566167,-27.411327257317694,-3793.626761631536,4101.458717893414,0.0,-0.0,0.0,0.0,5.431709659196427,0.0,-2273.9743689887887,-22.3461721650136,-1810.5698863988086
t1043,7317.8672553746155,0.0,-1278.6505146012144,0.0,0.0,42.05971281843107,0.0,7995.522578439371,-56.89475922084643,-14019.904272810356,15267.001456230952,0.0,-5337.8807960109625,0.0,0.0,12.014498819668976,0.0,-5900.0,-36.30221915,-4004.832939889658,4021.9864524339587,0.0,-0.0,0.0,0.0,5.734818457142655,0.0,-2095.5225784393697,-20.592540070846432,-1911.606152380885
t1044,8096.977559138449,0.0,-2895.8437335655512,0.0,0.0,43.50252222327204,0.0,9326.175375759682,-69.97098246517413,-14500.840741090677,16575.94307869431,0.0,-6497.372320405344,0.0,0.0,0.0,0.0,-5900.0,-36.30221915,-4142.268539138962,6334.816879317914,0.0,-903.6248541496319,0.0,0.0,5.931839175807704,0.0,-3426.1753757596807,-33.66876331517414,-1977.2797252692346
t1045,8690.642751960042,0.0,-2895.8437335655512,0.0,0.0,44.75740267202026,0.0,9150.576574833201,-70.99877189295783,-14919.134224006753,15571.26720279163,0.0,-6140.269959858016,0.0,0.0,12.784542397815812,0.0,-5150.5765748332005,-31.691077892957832,-4261.514132605271,6427.223657747016,0.0,-359.15017805863414,0.0,0.0,6.104611190637055,0.0,-4000.0,-39.307694,-2034.8703968790182
t1046,8618.391410034492,0.0,-2895.8437335655512,0.0,0.0,45.84254083784603,0.0,9586.135458850153,-73.6787302082651,-15280.846945948677,16356.879109159017,0.0,-6384.87555455448,0.0,0.0,13.093772496126746,0.0,-5586.135458850153,-34.3710362082651,-4364.590832042249,6571.821664978585,0.0,-455.3962698418221,0.0,0.0,6.250103413651244,0.0,-4000.0,-39.307694,-2083.367804550415
t1047,7319.071444406708,0.0,-1771.4589378957405,0.0,0.0,46.25477209637202,0.0,9900.0,-75.60991315,-15418.257365457339,16837.67705079409,0.0,-6497.372320405344,0.0,0.0,0.0,0.0,-5900.0,-36.30221915,-4404.002511238741,9381.252096073084,0.0,-3246.694732643177,0.0,0.0,6.304662997281566,0.0,-4000.0,-39.307694,-2101.5543324271885
t1048,6114.8824123142285,0.0,-701.2460751949394,0.0,0.0,45.85163417443116,0.0,9900.0,-75.60991315,-15283.87805814372,15647.631062211402,0.0,-5358.824259306076,0.0,0.0,13.096804163757248,0.0,-5900.0,-36.30221915,-4365.601387919082,9764.474513149955,0.0,-3648.0491180131908,0.0,0.0,6.250103413651244,0.0,-4000.0,-39.307694,-2083.367804550415
t1049,5152.735375672338,0.0,-0.0,0.0,0.0,45.066576115914756,0.0,9900.0,-75.60991315,-15022.192038638252,13045.558924681927,0.0,-2830.3013890483903,0.0,0.0,12.875492426730796,0.0,-5900.0,-36.30221915,-4291.830808910265,10013.49049907006,0.0,-3932.321708947741,0.0,0.0,6.1440153343700645,0.0,-4000.0,-39.307694,-2048.005111456688
t1050,4820.313301241857,0.0,-0.0,0.0,0.0,44.066309091550224,0.0,9900.0,-75.60991315,-14688.769697183407,10887.42522186988,0.0,-767.8824861105956,0.0,0.0,12.587484001833355,0.0,-5900.0,-36.30221915,-4195.828000611118,9638.791435570443,0.0,-3602.952566180984,0.0,0.0,6.007616375294261,0.0,-4000.0,-39.307694,-2002.5387917647538
t1051,4748.090301963865,0.0,-0.0,0.0,0.0,382.4111767511459,0.0,9103.585075018495,-70.7096370244052,-14163.376916709107,9109.154493797072,-38.13419051518947,-0.0,0.0,0.0,109.22188972400053,0.0,-5103.585075018495,-31.40194302440519,-4045.255174962983,11053.01774025787,0.0,-5088.699412469144,0.0,0.0,5.792409128752439,0.0,-4000.0,-39.307694,-1930.8030429174796
t1052,4038.8229620613956,1200.5207976399515,-0.0,0.0,0.0,367.898211561275,0.0,8083.048072211909,-64.43035601990199,-13625.859687454631,7895.730118378841,0.0,-0.0,0.0,0.0,105.1018534141519,0.0,-4083.048072211909,-25.12266201990199,-3892.6612375611817,11496.689917285014,0.0,-5599.325291874628,0.0,0.0,0.0,0.0,-4000.0,-39.307694,-1858.0569314103845
t1053,4038.8229620613956,0.0,-0.0,0.0,0.0,361.5146892785123,0.0,9059.5338785037,-70.43859360242216,-13389.432936241197,8394.106950061967,418.2380640245564,-0.0,0.0,0.0,103.2737578329608,0.0,-5059.5338785037,-31.130899602422172,-3824.9539938133626,11464.358312170749,0.0,-5599.325291874628,0.0,0.0,0.0,0.0,-4000.0,-39.307694,-1825.72532629612
t1054,4038.8229620613956,0.0,-0.0,0.0,0.0,341.9822022936485,0.0,8351.283112363104,-66.08078436079656,-12666.007492357352,7986.000395878489,0.0,-0.0,0.0,0.0,10.85640178481822,0.0,-4351.283112363104,-26.77309036079656,-3618.800594939406,11365.342771508313,0.0,-5599.325291874628,0.0,0.0,0.0,0.0,-4000.0,-39.307694,-1726.7097856336852
t1055,2489.411685554786,0.0,-0.0,0.0,0.0,34.01817216497924,0.0,8885.327580387908,-69.366716447929,-11339.390721659745,8144.5016933302395,0.0,-0.0,0.0,0.0,9.716494755750457,0.0,-4885.327580387909,-30.059022447929,-3238.8315852501523,11184.487855400399,0.0,-5599.325291874628,0.0,0.0,0.0,0.0,-4000.0,-39.307694,-1545.8548695257687
t1056,198.63912703870312,0.0,-0.0,0.0,0.0,30.159566340688173,0.0,9900.0,-75.60991315,-10053.188780229391,10917.833537436303,0.0,-2118.1475157324526,0.0,0.0,8.615999405879188,0.0,-5900.0,-36.30221915,-2871.9998019597297,11009.695115251403,0.0,-5599.325291874628,0.0,0.0,0.0,0.0,-4000.0,-39.307694,-1371.0621293767765
t1057,0.0,0.0,-775.4582850045501,0.0,0.0,27.22848084808059,0.0,9900.0,-75.60991315,-9076.16028269353,10974.321040822177,0.0,-2453.719225067452,0.0,0.0,7.7762274722308655,0.0,-5900.0,-36.30221915,-2592.075824076955,10876.327244155063,0.0,-5599.325291874628,0.0,0.0,0.0,0.0,-4000.0,-39.307694,-1237.6942582804356
t1058,0.0,0.0,-1404.0382075640032,0.0,0.0,25.33706683837311,0.0,9900.0,-75.60991315,-8445.68894612437,9204.243376378041,0.0,-862.9808698613832,0.0,0.0,7.2365906340019786,0.0,-5900.0,-36.30221915,-2412.1968780006596,10790.4464180703,0.0,-5599.325291874628,0.0,0.0,0.0,0.0,-4000.0,-39.307694,-1151.8134321956707
t1059,0.0,0.0,-45.29774412311216,0.0,0.0,24.167057531086115,0.0,8141.6071958223065,-64.79066553490819,-8055.685843695372,6461.222791711582,0.0,-0.0,0.0,0.0,6.90310719464705,0.0,-4141.607195822306,-25.482971534908184,-2301.0357315490164,10736.897197099799,0.0,-5599.325291874628,0.0,0.0,0.0,0.0,-4000.0,-39.307694,-1098.2642112251701
t1060,0.0,1933.34516012177,-0.0,0.0,0.0,211.33823557505545,0.0,5732.627069789873,-49.96840715131089,-7827.342058335387,3919.266214176224,0.0,-0.0,0.0,0.0,60.38172419665581,0.0,-1732.6270697898724,-10.660713151310897,-2236.3601554316965,10705.575954645354,0.0,-5599.325291874628,0.0,0.0,0.0,0.0,-4000.0,-39.307694,-1066.9429687707266
t1061,0.0,0.0,-1990.3098661050303,0.0,0.0,23.572959540857482,0.0,9900.0,-75.60991315,-7857.653180285827,9441.728673614645,0.0,-1267.7151858256216,0.0,0.0,6.733333807339084,0.0,-5900.0,-36.30221915,-2244.4446024463614,10709.61740528464,0.0,-5599.325291874628,0.0,0.0,0.0,0.0,-4000.0,-39.307694,-1070.9844194100097
t1062,1505.236290115599,0.0,-2895.8437335655512,0.0,0.0,24.603537687172455,0.0,9641.200676826926,-74.01754200666092,-8201.179229057485,8690.590641000037,0.0,-678.2314750255729,0.0,0.0,7.030437235128022,0.0,-5641.200676826926,-34.70984800666092,-2343.4790783760072,10756.094087636393,0.0,-5599.325291874628,0.0,0.0,0.0,0.0,-4000.0,-39.307694,-1117.4611017617647
t1063,935.6548779358565,0.0,-0.0,0.0,0.0,243.8014471839771,0.0,7913.61475051765,-63.387846600332935,-9029.683229036189,5635.251839101917,812.7335904250403,-0.0,0.0,0.0,69.65862714598386,0.0,-3913.6147505176496,-24.080152600332934,-2579.949153554958,10869.25470553632,0.0,-5599.325291874628,0.0,0.0,0.0,0.0,-4000.0,-39.307694,-1230.6217196616903
t1064,2672.0954622132112,0.0,-520.6254458258144,0.0,0.0,30.283841940684983,0.0,7976.635731460106,-63.77560955986192,-10094.613980228327,6876.57774008425,0.0,-0.0,0.0,0.0,8.65237941744518,0.0,-3976.635731460107,-24.467915559861925,-2884.126472481727,7284.488908648281,0.0,-1873.1956138004282,0.0,0.0,4.12834182802764,0.0,-4000.0,-39.307694,-1376.1139426758803
t1065,4810.735183209455,0.0,-2895.8437335655512,0.0,0.0,32.535958301602705,0.0,8967.76597911865,-69.87395319658977,-10845.319433867568,12690.782728857785,0.0,-4604.388789336509,0.0,0.0,9.292061287480546,0.0,-4967.765979118651,-30.566259196589762,-3097.3537624935157,8784.19074079103,0.0,-3270.149625615364,0.0,0.0,4.437512801932795,0.0,-4000.0,-39.307694,-1479.1709339775982
t1066,6405.081461699898,0.0,-2895.8437335655512,0.0,0.0,34.075763296685075,0.0,7875.998803691581,-60.72452956092031,-11358.587765561691,14298.36508017695,0.0,-6497.372320405344,0.0,0.0,9.734684761533455,0.0,-4537.911126699165,-27.921397322823132,-3244.894920511151,6486.145842325812,0.0,-1571.015733462584,0.0,0.0,4.646657872515693,0.0,-3338.0876769924157,-32.80313223809717,-1548.8859575052309
t1067,7638.171030562596,0.0,-2895.8437335655512,0.0,0.0,0.0,0.0,7067.415680653177,-48.01729014767247,-11761.725687502549,15727.234715972938,0.0,-6497.372320405344,0.0,0.0,0.0,0.0,-5833.868785918018,-35.89531917944751,-3360.098290470127,8448.439698713564,0.0,-5599.325291874628,0.0,0.0,0.0,0.0,-1233.5468947351585,-12.121970968224954,-1603.445541135552
t1068,8023.511520832189,0.0,-2895.8437335655512,0.0,0.0,36.06720400882901,0.0,6904.8430802297935,-46.17673522892254,-12022.401336276336,15867.54340903429,0.0,-6497.372320405344,0.0,0.0,0.0,0.0,-5900.0,-36.30221915,-3433.868869478945,8288.76141169819,0.0,-5640.152005862883,0.0,0.0,4.916424702687837,0.0,-1004.8430802297925,-9.874516078922534,-1638.808234229279
t1069,8146.338802105623,0.0,-2895.8437335655512,0.0,0.0,0.0,0.0,6995.791625405299,-47.07047962479852,-12199.216214320571,15919.081758752778,0.0,-6497.372320405344,0.0,0.0,0.0,0.0,-5900.0,-36.30221915,-3485.4072191974337,8368.942115819702,0.0,-5599.325291874628,0.0,0.0,0.0,0.0,-1095.7916254052982,-10.76826047479852,-1663.0569380649772
t1070,7498.485102839869,0.0,-2895.8437335655512,0.0,0.0,37.35542669172273,0.0,7874.9621213984165,-63.150020123551556,-12451.808897240908,13592.88004317947,0.0,-6147.590379264274,0.0,0.0,10.671470059357757,0.0,-3874.9621213984165,-23.842326123551562,-3557.1566864525853,10004.783428416018,0.0,-4272.151362150792,0.0,0.0,5.095258893476112,0.0,-4000.0,-39.307694,-1698.4196311587039
t1071,7350.369851892494,0.0,-2895.8437335655512,0.0,0.0,37.994991364877016,0.0,8237.183248295429,-64.70723636157797,-12664.99712162567,14551.458655143275,0.0,-6497.372320405344,0.0,0.0,10.853370117187717,0.0,-4419.954048756799,-27.195617035745613,-3617.7900390625728,10230.16921096238,0.0,-4653.898735821134,0.0,0.0,5.180129356901056,0.0,-3817.2291995386295,-37.51161932583234,-1726.7097856336852
t1072,5953.510574665217,0.0,-2895.8437335655512,0.0,0.0,38.57999601852051,0.0,9838.986336774771,-75.23450105278873,-12859.998672840171,11652.130379201719,0.0,-2114.8667349226293,0.0,0.0,11.020111836865183,0.0,-5838.986336774772,-35.926807052788725,-3673.3706122883946,9924.696102460048,0.0,-4137.66813131539,0.0,0.0,5.258937644367077,0.0,-4000.0,-39.307694,-1752.9792147890253
t1073,4225.4993136125095,0.0,-1059.2376675671603,0.0,0.0,39.089222867287916,0.0,9900.0,-75.60991315,-13029.740955762638,10413.95783876818,0.0,-766.9439571249228,0.0,0.0,11.165631883129153,0.0,-5900.0,-36.30221915,-3721.8772943763843,9255.49537416392,0.0,-3445.298776866913,0.0,0.0,5.328652667894708,0.0,-4000.0,-39.307694,-1776.2175559649027
t1074,3603.349334362586,0.0,-0.0,0.0,0.0,39.06800508192261,0.0,9453.111264377509,-72.86024318114676,-13022.668360640868,9195.360427633505,0.0,-0.0,0.0,0.0,11.159568547868153,0.0,-5453.111264377508,-33.552549181146766,-3719.856182622718,5877.940927051003,0.0,-68.75166132583635,0.0,0.0,5.325621579915246,0.0,-4000.0,-39.307694,-1775.207193305082
t1075,5417.086182660881,2895.8437335655444,-0.0,0.0,0.0,342.20044237169174,0.0,4058.6285301806643,-39.668430567976415,-12674.090458210803,3349.5893559729543,231.47616051988734,-0.0,0.0,0.0,97.73490107203845,0.0,-58.62853018066445,-0.3607365679764186,-3619.8111508162388,3746.300180678026,2016.551832742441,-0.0,0.0,0.0,5.186191532859981,0.0,-4000.0,-39.307694,-1728.7305109533268
t1076,4732.443096374386,2895.8437335655512,-0.0,0.0,0.0,329.95171799151876,0.0,4303.369755133125,-41.174303378699065,-12220.43399968588,2270.615067169801,1431.8221468300774,-0.0,0.0,0.0,94.26970497037769,0.0,-303.3697551331248,-1.8666093786990736,-3491.4705544584326,4234.135603573056,1466.26185239325,-0.0,0.0,0.0,4.998264078133319,0.0,-4000.0,-39.307694,-1666.0880260444394
t1077,4732.443096374386,0.0,-0.0,0.0,0.0,330.44275816711587,0.0,7234.946876799419,-59.212058484776364,-12238.620672856143,1525.664690371359,5131.303754741684,-0.0,0.0,0.0,94.40613001375016,0.0,-3234.946876799419,-19.904364484776366,-3496.5233338425983,5208.543986778416,493.8681323315729,-0.0,0.0,0.0,5.004326254092243,0.0,-4000.0,-39.307694,-1668.108751364081
t1078,4732.443096374386,2760.854598784851,-0.0,0.0,0.0,317.83939366012277,0.0,4000.0,-39.307694,-11771.829394819362,1689.0307758292486,1582.3114025345026,-0.0,0.0,0.0,90.77722386004241,0.0,-0.0,-0.0,-3362.1194022237933,6115.753770420786,0.0,-475.79620876495875,0.0,0.0,4.816398799365581,0.0,-4000.0,-39.307694,-1605.4662664551936
t1079,4732.443096374386,1721.7277057091244,-0.0,0.0,0.0,289.0044233486688,0.0,4000.0,-39.307694,-10703.867531432179,2552.437706411762,421.9566697680832,-0.0,0.0,0.0,82.53715124034515,0.0,-0.0,-0.0,-3056.931527420191,6336.306508058999,0.0,-842.4120243201603,0.0,0.0,4.376891042343549,0.0,-4000.0,-39.307694,-1458.9636807811828
t1080,4732.443096374386,0.0,-0.0,0.0,0.0,259.4328927738193,0.0,4660.119021682105,-43.36935254070972,-9608.6256582896,3076.833266386771,257.91109175487327,-0.0,0.0,0.0,74.10608355992643,0.0,-660.1190216821045,-4.061658540709723,-2744.6697614787563,4356.710222428664,989.1065202495049,-0.0,0.0,0.0,3.9313211093625915,0.0,-4000.0,-39.307694,-1310.4403697875307
t1081,3883.6751823094605,0.0,-0.0,0.0,0.0,26.549511716390725,0.0,4984.980745019229,-45.3682002481726,-8849.837238796908,3511.866822692361,0.0,-0.0,0.0,0.0,7.585232411509406,0.0,-984.9807450192293,-6.060506248172598,-2528.4108038364684,3311.605821751877,1930.4557690266372,-0.0,0.0,0.0,3.619119047477976,0.0,-4000.0,-39.307694,-1206.373015825992
t1082,2214.7833691032124,0.0,-0.0,0.0,0.0,25.049111179843933,0.0,6155.496313415469,-45.62506708388134,-8349.703726614644,6448.514930481678,0.0,-0.0,0.0,0.0,7.1547356079784965,0.0,-4045.863925766161,-24.89387099732924,-2384.9118693261653,3264.6189336291654,0.0,-0.0,0.0,0.0,3.4130050648745405,0.0,-2109.6323876493084,-20.731196086552096,-1137.66835495818
t1083,2214.7833691032124,0.0,-0.0,0.0,0.0,24.14887085791585,0.0,5854.33541475036,-43.64403540620479,-8049.623619305283,6094.9188024344485,0.0,-0.0,0.0,0.0,6.8970438593860495,0.0,-3779.545988066907,-23.25523843157765,-2299.01461979535,2946.1250894580935,243.0152212196397,-0.0,0.0,0.0,3.291761545696049,0.0,-2074.7894266834523,-20.388796974627144,-1097.2538485653495
t1084,2214.7833691032124,0.0,-0.0,0.0,0.0,23.791199618900656,0.0,5734.0680792956355,-42.242775050855606,-7930.399872966885,6906.848902961601,0.0,-785.0934469928067,0.0,0.0,6.7969988275795705,0.0,-3839.2635034994614,-23.622675437056653,-2265.666275859857,2991.2694572801656,0.0,-0.0,0.0,0.0,3.243264138024652,0.0,-1894.804575796174,-18.620099613798953,-1081.0880460082174
t1085,2214.7833691032124,0.0,-0.0,0.0,0.0,24.109466399380278,0.0,5845.923460382273,-48.32749609144034,-8036.488799793427,4786.658514620986,0.0,-0.0,0.0,0.0,6.887948856494553,0.0,-2482.2901821286428,-15.273329183987695,-2295.9829521648508,3162.0072640636936,1327.6349365452024,-0.0,0.0,0.0,3.2887304577165866,0.0,-3363.633278253631,-33.05416690745265,-1096.2434859055288
t1086,2238.867149745062,0.0,-0.0,0.0,0.0,25.62805360909734,0.0,6324.428473074799,-46.239140063153364,-8542.68453636578,7563.969319079154,0.0,-773.5830135337333,0.0,0.0,7.321477327655961,0.0,-4330.569697911272,-26.645642409817675,-2440.492442551987,3173.898243578043,0.0,-0.0,0.0,0.0,3.49181335234056,0.0,-1993.8587751635278,-19.593497653335685,-1163.93778411352
t1087,2743.422354191811,0.0,-0.0,0.0,0.0,28.4197079407329,0.0,6750.220236656559,-48.8263185448035,-9473.235980244299,7492.727422018135,0.0,-0.0,0.0,0.0,8.118805914477294,0.0,-4765.257349669474,-29.320240104042274,-2706.2686381590975,3291.8387142410297,0.0,-0.0,0.0,0.0,3.8737304377528083,0.0,-1984.962886987085,-19.50607844076123,-1291.2434792509362
t1088,4003.004081760544,0.0,-1846.1872324533358,0.0,0.0,31.456882360167025,0.0,8357.808638338223,-60.45491661658888,-10485.627453389008,9912.429968469089,0.0,-989.8259932425202,0.0,0.0,8.98586285680011,0.0,-5900.0,-36.30221915,-2995.28761893337,3907.3355099602527,0.0,-0.0,0.0,0.0,4.288989490939143,0.0,-2457.8086383382224,-24.15269746658888,-1429.6631636463808
t1089,5549.182798967287,0.0,-0.0,0.0,0.0,33.48469641865149,0.0,5618.128394479239,-39.230416981349464,-11161.565472883829,7555.574792762764,0.0,-0.0,0.0,0.0,9.567943041855989,0.0,-4349.068921892007,-26.759466627284386,-3189.3143472853294,1633.4774106743887,1165.0943594599087,-0.0,0.0,0.0,4.564818497070211,0.0,-1269.0594725872322,-12.47095035406508,-1521.6061656900702
t1090,6189.811364040487,0.0,-0.0,0.0,0.0,34.8759769161767,0.0,5441.446685263491,-40.8083874945871,-11625.325638725566,9914.206140745731,0.0,-667.1793701559168,0.0,0.0,9.962059833820906,0.0,-5900.0,-36.30221915,-3320.686611273635,889.7715667391855,236.6845230878944,-0.0,0.0,0.0,4.755777039776336,0.0,458.5533147365092,-4.506168344587099,-1585.2590132587784
t1091,6647.4031962356285,0.0,-0.0,0.0,0.0,35.91564839907681,0.0,5330.46297102175,-41.89901596418655,-11971.882799692268,11432.559583145594,0.0,-2086.7954400539206,0.0,0.0,10.259163261609842,0.0,-5900.0,-36.30221915,-3419.721087203281,1078.4037100753885,-15.503453715750904,-0.0,0.0,0.0,4.895207086831601,0.0,569.5370289782506,-5.596796814186552,-1631.7356956105334
t1092,6940.021131034102,0.0,-1059.2076960887584,0.0,0.0,36.51277750150048,0.0,6293.7714019804,-40.17178059374914,-12170.925833833493,9979.677449025769,0.0,-576.4844260095485,0.0,0.0,10.431968316548307,0.0,-5900.0,-36.30221915,-3477.322772182769,2051.6794043875657,0.0,-0.0,0.0,0.0,4.977046462277083,0.0,-393.7714019803997,-3.8695614437491357,-1659.0154874256941
t1093,7359.078914202285,0.0,-2082.234871575523,0.0,0.0,37.022004350267885,0.0,7074.647459654424,-47.84538987549336,-12340.66811675596,10146.181187864278,0.0,-694.6270028063319,0.0,0.0,10.577488362812277,0.0,-5900.0,-36.30221915,-3525.8294542707586,2864.405029067526,0.0,-0.0,0.0,0.0,5.049792573784178,0.0,-1174.647459654424,-11.543170725493361,-1683.2641912613924
t1094,7568.607805786375,0.0,-0.0,0.0,0.0,38.11017362828869,0.0,5130.510142380281,-33.836912365381615,-12703.391209429563,8159.640010281066,0.0,-0.0,0.0,0.0,10.88975012875371,0.0,-4512.845877935253,-27.76717288999656,-3629.91670958457,2350.3003180564037,0.0,-0.0,0.0,0.0,5.195284796798369,0.0,-617.6642644450278,-6.069739475385058,-1731.7615989327892
t1095,7357.874725170192,0.0,-0.0,0.0,0.0,39.06800508192261,0.0,5664.969150091419,-39.24351970266497,-13022.668360640868,8208.000888275108,0.0,-0.0,0.0,0.0,11.162600215498653,0.0,-4470.788353620481,-27.508396370576005,-3720.866738499551,1918.8627248255373,1056.9347667026555,-0.0,0.0,0.0,5.325621579915246,0.0,-1194.1807964709371,-11.73512333208897,-1775.207193305082
t1096,6482.42929883896,0.0,-0.0,0.0,0.0,39.950058730680425,0.0,6839.844888966238,-45.53800297573721,-13316.68624356014,10245.119322100596,0.0,-515.488455302725,0.0,0.0,11.414228628830099,0.0,-5900.0,-36.30221915,-3804.7428762767,1688.1716992706354,1071.0838081201582,-0.0,0.0,0.0,5.4468650990937375,0.0,-939.8448889662375,-9.235783825737208,-1815.6216996979126
t1097,5545.570231871011,0.0,-0.0,0.0,0.0,40.83817460382832,0.0,8085.804995971665,-59.48853450373215,-13612.724867942774,9345.896921066864,0.0,-0.0,0.0,0.0,11.665857042161546,0.0,-5435.499578144072,-33.44418591110485,-3888.6190140538492,2511.19503880658,2015.6228250861118,-0.0,0.0,0.0,5.568108618272229,0.0,-2650.305417827594,-26.044348592627298,-1856.036206090743
t1098,6377.365314212712,0.0,-0.0,0.0,0.0,371.8810929855629,0.0,7082.400862372339,-58.27345529050672,-13773.373814280108,6531.75739846672,397.4827149376603,-0.0,0.0,0.0,106.22053876980618,0.0,-3082.4008623723394,-18.965761290506723,-3934.0940285113397,2395.568499049949,3515.3612554311894,-0.0,0.0,0.0,5.6317614658409365,0.0,-4000.0,-39.307694,-1877.253821946979
t1099,4964.851579568234,2895.8437335655512,-0.0,0.0,0.0,367.9254915710305,0.0,5446.456878770335,-48.20762528883825,-13626.870058186312,3062.05677514093,2180.859419065273,-0.0,0.0,0.0,105.1018534141519,0.0,-1446.456878770335,-8.899931288838252,-3892.6612375611817,2289.442933200165,3602.3475214159885,-0.0,0.0,0.0,5.574170794231153,0.0,-4000.0,-39.307694,-1858.0569314103845
t1100,4732.443096374386,2895.8437335655512,-0.0,0.0,0.0,362.4422096101958,0.0,5481.479618922874,-48.423117354643495,-13423.785541118363,2220.1872131808723,3001.9207737586344,-0.0,0.0,0.0,103.54660791970574,0.0,-1481.4796189228744,-9.115423354643504,-3835.059552581694,1657.1794525710243,4207.413049605414,-0.0,0.0,0.0,5.492331418785672,0.0,-4000.0,-39.307694,-1830.777139595224
t1101,4732.443096374386,0.0,-0.0,0.0,0.0,358.7594082932173,0.0,8261.712652294324,-65.5296646199858,-13287.38549234138,5455.658475378498,2525.4415283396115,-0.0,0.0,0.0,102.48249258140045,0.0,-4261.712652294323,-26.221970619985804,-3795.647873385202,1560.304586673733,4285.14861563772,-0.0,0.0,0.0,5.434740747175889,0.0,-4000.0,-39.307694,-1811.5802490586295
t1102,4732.443096374386,2895.8437335655512,-0.0,0.0,0.0,340.9728419326989,0.0,4702.997282396817,-43.633178984309104,-12628.623775285143,3064.1361115714362,1153.4636551359877,-0.0,0.0,0.0,97.40748096794452,0.0,-702.9972823968176,-4.325484984309104,-3607.6844802942414,643.1586479762011,5112.642044441377,-0.0,0.0,0.0,5.164973917003745,0.0,-4000.0,-39.307694,-1721.6579723345815
t1103,4732.443096374386,1521.145097159817,-0.0,0.0,0.0,311.4558713773601,0.0,5015.917127985613,-45.55854929124954,-11535.402643605927,4227.631013473985,0.0,-0.0,0.0,0.0,88.9491282788513,0.0,-1015.9171279856134,-6.250855291249548,-3294.412158475974,509.4926146742185,5097.223005110846,-0.0,0.0,0.0,4.716372896043326,0.0,-4000.0,-39.307694,-1572.1242986811085
t1104,3340.836775769985,0.0,-0.0,0.0,0.0,31.338668984560307,0.0,7132.6300615583095,-58.58251145941826,-10446.222994853435,6127.123868793069,0.0,-0.0,0.0,0.0,8.952514512864619,0.0,-3132.630061558309,-19.274817459418255,-2984.171504288206,536.057593463447,4922.580285260948,-0.0,0.0,0.0,4.270802963062369,0.0,-4000.0,-39.307694,-1423.6009876874562
t1105,2214.7833691032124,0.0,-0.0,0.0,0.0,28.941059238280474,0.0,7456.720054278493,-53.42473652649485,-9647.01974609349,8184.1001273198535,0.0,-0.0,0.0,0.0,8.267357628371762,0.0,-5403.335326929538,-33.2462818947683,-2755.7858761239204,1124.49806802594,2260.610820492117,-0.0,0.0,0.0,3.946476549259903,0.0,-2053.384727348956,-20.17845463172655,-1315.4921830866344
t1106,3464.248665515575,0.0,-0.0,0.0,0.0,27.319414213931914,0.0,5664.452258005109,-49.5489330906464,-9106.471404643971,4268.060811583303,0.0,-0.0,0.0,0.0,7.8035124809053595,0.0,-1664.4522580051087,-10.241239090646406,-2601.170826968453,1743.9527576739895,3533.36543811897,-0.0,0.0,0.0,3.7252071267591567,0.0,-4000.0,-39.307694,-1241.7357089197187
t1107,2814.4304941885107,0.0,-0.0,0.0,0.0,26.252462721276416,0.0,5961.5146841706055,-51.37673398825497,-8750.820907092137,4466.198617726145,0.0,-0.0,0.0,0.0,7.5003457178554225,0.0,-1961.5146841706053,-12.069039988254975,-2500.115239285141,1948.3462675019334,3280.6200128426435,-0.0,0.0,0.0,3.5797149037449656,0.0,-4000.0,-39.307694,-1193.238301248322
t1108,3228.67318760862,0.0,-0.0,0.0,0.0,25.71898697494866,0.0,5366.318021161941,-47.7145374292907,-8572.99565831622,3816.9635476983876,0.0,-0.0,0.0,0.0,7.348762336330457,0.0,-1366.3180211619415,-8.406843429290703,-2449.587445443485,2094.083141386639,3109.6998496619053,-0.0,0.0,0.0,3.5039377042584094,0.0,-4000.0,-39.307694,-1167.979234752803
t1109,4732.443096374385,0.0,-0.0,0.0,0.0,25.949351501772007,0.0,3931.1228753821333,-39.73148933428808,-8649.783833924002,2361.4806476828994,0.0,-0.0,0.0,0.0,40.87514189050211,0.0,68.87712461786687,-0.4237953342880785,-2470.8091188569806,2027.592657764479,3187.2709805743198,-0.0,0.0,0.0,3.5372796720324944,0.0,-4000.0,-39.307694,-1179.0932240108314
t1110,4732.443096374386,0.0,-0.0,0.0,0.0,246.69312821804917,0.0,4198.173340414419,-40.52703841244268,-9136.782526594412,2535.69616415591,203.4851731246848,-0.0,0.0,0.0,70.47717740621869,0.0,-198.17334041441927,-1.2193444124426782,-2610.2658298599513,1889.3480082219899,3391.999513858335,-0.0,0.0,0.0,3.7373314786770053,0.0,-4000.0,-39.307694,-1245.7771595590018
t1111,4979.993808333075,0.0,-0.0,0.0,0.0,29.971637384595446,0.0,5026.202181534986,-45.62183238750697,-9990.54579486515,3878.772210919899,0.0,-0.0,0.0,0.0,8.5644610561607,0.0,-1026.2021815349865,-6.3141383875069765,-2854.8203520535662,3080.7739975800023,2316.416655262072,-0.0,0.0,0.0,4.085906596315169,0.0,-4000.0,-39.307694,-1361.9688654383897
t1112,5967.475365969143,0.0,-0.0,0.0,0.0,32.93909622354356,0.0,5024.898087391023,-45.61380840252284,-10979.698741181186,4158.559347158483,0.0,-0.0,0.0,0.0,9.410296325070021,0.0,-1024.8980873910236,-6.306114402522846,-3136.7654416900073,1616.3552262284843,3914.810525668483,-0.0,0.0,0.0,4.489041297583653,0.0,-4000.0,-39.307694,-1496.3470991945512
t1113,5949.411428685179,0.0,-0.0,0.0,0.0,35.0548125356843,0.0,5750.549955882628,-50.078685208724394,-11684.937511894766,5089.173410087611,0.0,-0.0,0.0,0.0,10.013598183539393,0.0,-1750.5499558826275,-10.770991208724402,-3337.866061179798,1191.3266312587666,4436.542951534966,-0.0,0.0,0.0,4.780025743612034,0.0,-4000.0,-39.307694,-1593.3419145373446
t1114,6266.879462094405,0.0,-0.0,0.0,0.0,36.78860871124949,0.0,6008.437496036639,-49.23599642579586,-12262.869570416497,6178.196606913785,0.0,-0.0,0.0,0.0,10.507760007310791,0.0,-2669.691304798913,-16.42639301858637,-3502.586669103597,553.6602175488466,4485.029328493441,-0.0,0.0,0.0,5.016450606010093,0.0,-3338.746191237725,-32.809603407209494,-1672.150202003364
t1115,7160.387723907025,0.0,-0.0,0.0,0.0,38.30719592096655,0.0,5612.103214471806,-41.732827310947535,-12769.06530698885,7311.472754379518,0.0,-0.0,0.0,0.0,10.944320146102699,0.0,-3651.840879849373,-22.469479308681485,-3648.1067153675663,496.35194899740407,3218.8060319098577,-0.0,0.0,0.0,5.222564588613529,0.0,-1960.262334622433,-19.26334800226605,-1740.854862871176
t1116,7648.084281904479,0.0,-0.0,0.0,0.0,39.404458535572495,0.0,5487.16627337427,-39.83550195682472,-13134.819511857497,7598.616975865264,0.0,-0.0,0.0,0.0,11.256581912044133,0.0,-3834.0887514862693,-23.590835609661767,-3752.193970681378,668.1428398244223,2786.1708937135268,-0.0,0.0,0.0,5.371087899607181,0.0,-1653.077521888,-16.24466634716295,-1790.3626332023935
t1117,7945.518972831321,0.0,-0.0,0.0,0.0,40.08948989165245,0.0,5415.2578014245555,-37.702966930048134,-13363.163297217481,8053.590480393622,0.0,-0.0,0.0,0.0,11.450608640396092,0.0,-4222.192734448963,-25.97880778635661,-3816.8695467986977,1033.8938728768062,1987.1141772723443,-0.0,0.0,0.0,5.465051626970511,0.0,-1193.0650669755921,-11.72415914369152,-1821.683875656837
t1118,7965.990186376894,0.0,-0.0,0.0,0.0,40.54718783310409,0.0,5547.050914596148,-37.85901110478096,-13515.729277701364,8409.865952893526,0.0,-0.0,0.0,0.0,11.584002016138067,0.0,-4532.229510727509,-27.88643880280123,-3861.334005379355,1425.3186172532382,1436.848145955915,-0.0,0.0,0.0,5.528704474539219,0.0,-1014.8214038686397,-9.972572301979724,-1842.901491513073
t1119,6979.759369093153,0.0,-0.0,0.0,0.0,40.54415672090905,0.0,6544.104752054924,-49.6893708993017,-13514.718906969683,7853.281754938384,0.0,-0.0,0.0,0.0,11.584002016138067,0.0,-3979.048987447894,-24.48276412727441,-3861.334005379355,2070.3786691185055,2356.2491577272444,-0.0,0.0,0.0,5.525673386559757,0.0,-2565.0557646070297,-25.20660677202729,-1841.8911288532524
t1120,6664.261842684923,0.0,-0.0,0.0,0.0,40.338041091646055,0.0,6793.072067662536,-51.658254223752465,-13446.013697215352,7963.952727379345,0.0,-0.0,0.0,0.0,11.523368663528077,0.0,-4109.070432716913,-25.2827754832669,-3841.1228878426923,1334.0934418200302,3203.5831431862,-0.0,0.0,0.0,5.498393594744596,0.0,-2684.0016349456237,-26.375478740485566,-1832.7978649148656
t1121,6572.311689434933,0.0,-0.0,0.0,0.0,40.095552116042526,0.0,6809.370317731186,-56.59352060131909,-13365.184038680844,6633.082606700009,0.0,-0.0,0.0,0.0,11.453640308026591,0.0,-2809.370317731187,-17.285826601319094,-3817.8801026755305,1833.790720503912,4021.7357975259542,-0.0,0.0,0.0,5.465051626970511,0.0,-4000.0,-39.307694,-1821.683875656837
t1122,6447.208278074077,0.0,-0.0,0.0,0.0,357.7227679225122,0.0,6498.742612185247,-54.68225364525293,-13248.99140453749,3937.184621883774,2260.2652220689406,-0.0,0.0,0.0,102.20964249465551,0.0,-2498.742612185247,-15.374559645252928,-3785.542314616871,3367.5284119569014,2472.8881324953454,-0.0,0.0,0.0,5.419585307278577,0.0,-4000.0,-39.307694,-1806.5284357595256
t1123,5173.176282120233,2895.8437335655512,-0.0,0.0,0.0,349.02044481054077,0.0,4551.34274158938,-42.70006095456601,-12926.68314113114,2967.100120871878,1180.50673992369,-0.0,0.0,0.0,99.69942169660203,0.0,-551.34274158938,-3.392366954566016,-3692.5711739482235,4548.792841572816,1247.301113718414,-0.0,0.0,0.0,5.286217436182237,0.0,-4000.0,-39.307694,-1762.072478727412
t1124,4732.443096374386,2895.8437335655512,-0.0,0.0,0.0,338.3812410059362,0.0,4609.025462866987,-43.054978037445345,-12532.638555775415,2800.4864070192125,1296.0150257712341,-0.0,0.0,0.0,96.67078573373317,0.0,-609.025462866987,-3.747284037445347,-3580.399471619747,6103.60483209025,0.0,-360.8994501066094,0.0,0.0,5.125569773270735,0.0,-4000.0,-39.307694,-1708.5232577569116
t1125,4732.443096374386,2895.8437335655512,-0.0,0.0,0.0,334.5347596304253,0.0,4469.551499143767,-42.19680610578441,-12390.176282608345,2304.579399744017,1611.2757917970432,-0.0,0.0,0.0,95.5521003780789,0.0,-469.55149914376597,-2.8891121057844122,-3538.966680669589,5801.437639812946,0.0,-77.87155769428925,0.0,0.0,5.067979101660951,0.0,-4000.0,-39.307694,-1689.326367220317
t1126,4732.443096374386,2895.8437335655512,-0.0,0.0,0.0,324.1410759136194,0.0,4092.6750439767707,-39.87791599257298,-12005.225033837753,3431.0704746193232,-0.603882119601884,-0.0,0.0,0.0,92.60531944123353,0.0,-92.6750439767701,-0.5702219925729823,-3429.8266459716124,6962.5246636146085,0.0,-1291.3398232317002,0.0,0.0,4.910362526728912,0.0,-4000.0,-39.307694,-1636.7875089096374
t1127,4732.443096374386,0.0,-0.0,0.0,0.0,299.34354704596404,0.0,6107.285042441471,-52.273647122411404,-11086.79803873941,2961.349061892659,2240.472834480359,-0.0,0.0,0.0,85.51121718586502,0.0,-2107.285042441471,-12.96595312241141,-3167.0821179950008,7739.006198871909,0.0,-2192.7304733973224,0.0,0.0,4.534507617275588,0.0,-4000.0,-39.307694,-1511.5025390918627
t1128,4732.443096374386,0.0,-0.0,0.0,0.0,272.1726573295893,0.0,5122.0647029497895,-46.21166666897676,-10080.468789984789,2831.9538936247095,1099.3367562461428,-0.0,0.0,0.0,77.76227472230865,0.0,-1122.06470294979,-6.903972668976767,-2880.0842489743945,8801.428829436303,0.0,-3392.1501977321336,0.0,0.0,4.122279652068716,0.0,-4000.0,-39.307694,-1374.0932173562387
t1129,4155.928058456025,0.0,-0.0,0.0,0.0,27.758925482213296,0.0,5115.459200349352,-46.17102354982473,-9252.975160737766,3756.998336964032,0.0,-0.0,0.0,0.0,7.927810853755834,0.0,-1115.459200349352,-6.863329549824734,-2642.6036179186112,9381.854590516912,0.0,-4085.397094858969,0.0,0.0,3.78279779836894,0.0,-4000.0,-39.307694,-1260.9325994563133
t1130,2846.802899707462,0.0,-0.0,0.0,0.0,26.006942633477845,0.0,5846.842199017926,-50.67116353291808,-8668.980877825948,4326.639981097268,0.0,-0.0,0.0,0.0,7.42758569472344,0.0,-1846.8421990179263,-11.36346953291808,-2475.8618982411463,9237.614689700256,0.0,-4019.729056645935,0.0,0.0,3.5463729359708807,0.0,-4000.0,-39.307694,-1182.1243119902936
t1131,2214.7833691032124,0.0,-211.97971172274777,0.0,0.0,24.85208888716607,0.0,6309.894167343013,-53.52028455528691,-8284.029629055356,4683.728455850838,0.0,-0.0,0.0,0.0,7.100165590629508,0.0,-2309.894167343012,-14.212590555286916,-2366.721863543169,9954.718420399036,0.0,-4789.214029080463,0.0,0.0,3.388756361038842,0.0,-4000.0,-39.307694,-1129.585453679614
t1132,2571.166917756737,0.0,-0.0,0.0,0.0,24.1519019701109,0.0,5503.876091334196,-48.56092102407786,-8050.633990036966,3806.2544185034403,0.0,-0.0,0.0,0.0,6.90007552701655,0.0,-1503.8760913341957,-9.253227024077864,-2300.025175672183,9470.388394276819,0.0,-4337.118613257167,0.0,0.0,3.291761545696049,0.0,-4000.0,-39.307694,-1097.2538485653495
t1133,2214.7833691032124,0.0,-0.0,0.0,0.0,23.994284135968606,0.0,5809.760058897304,-50.443000146950304,-7998.0947119895345,4098.907602051381,0.0,-0.0,0.0,0.0,6.854600512559058,0.0,-1809.7600588973032,-11.135306146950308,-2284.866837519686,7700.6988598220805,0.0,-2574.480399805316,0.0,0.0,3.2705439298398127,0.0,-4000.0,-39.307694,-1090.1813099466042
t1134,3470.4337665240914,0.0,-0.0,0.0,0.0,24.206461989621687,0.0,4617.286240623242,-43.10580592972619,-8068.820663207229,2919.247073744147,0.0,-0.0,0.0,0.0,6.915233865169047,0.0,-617.2862406232413,-3.798111929726193,-2305.077955056349,5863.015079929926,0.0,-726.7233041947499,0.0,0.0,3.3008548096344352,0.0,-4000.0,-39.307694,-1100.2849365448117
t1135,3568.268929962209,0.0,-0.0,0.0,0.0,25.13398232130516,0.0,4828.999656138957,-44.40846132075102,-8377.99410710172,3220.9252750607184,0.0,-0.0,0.0,0.0,7.1820206166529905,0.0,-828.9996561389571,-5.100767320751027,-2394.0068722176634,5049.6702489153295,127.9221212653422,-0.0,0.0,0.0,3.42512941679239,0.0,-4000.0,-39.307694,-1141.7098055974632
t1136,4553.3184694268075,0.0,-0.0,0.0,0.0,27.35881867246749,0.0,4578.004086268378,-39.07515021182527,-9119.606224155828,4216.590944976302,0.0,-0.0,0.0,0.0,7.815639151427358,0.0,-1609.2916930220513,-9.9018406298917,-2605.2130504757856,3042.5985503108163,1195.3123174540865,-0.0,0.0,0.0,3.7312693027180814,0.0,-2968.712393246327,-29.173309581933573,-1243.7564342393603
t1137,6294.575809832532,0.0,-0.0,0.0,0.0,30.16865967727331,0.0,3757.853558761508,-26.378135846875587,-10056.219892424437,5753.5863364588895,0.0,-0.0,0.0,0.0,8.619031073509687,0.0,-2871.5267396959175,-17.668269999919694,-2873.0103578365624,2261.985627901192,0.0,-0.0,0.0,0.0,4.113186388130329,0.0,-886.3268190655901,-8.709865846955896,-1371.0621293767765
t1138,7554.1575374012655,0.0,-0.0,0.0,0.0,32.68145168696482,0.0,3329.411995650475,-22.433755750434575,-10893.817228988271,5919.555758866739,0.0,-0.0,0.0,0.0,9.337536301938036,0.0,-2799.158202235702,-17.22299228696279,-3112.512100646012,2016.2419674849589,0.0,-0.0,0.0,0.0,4.455699329809568,0.0,-530.2537934147738,-5.210763463471785,-1485.2331099365229
t1139,8442.849043085516,0.0,-0.0,0.0,0.0,34.47283899423584,0.0,3038.1286943667856,-24.504245034588816,-11490.946331411948,6695.136685786175,0.0,-0.0,0.0,0.0,9.84685646386193,0.0,-3401.767257604055,-20.93079669200626,-3282.2854879539764,698.2734587291372,503.02536273019336,-0.0,0.0,0.0,4.698186368166552,0.0,363.63856323726907,-3.5734483425825556,-1566.0621227221839
t1140,8171.906510864708,0.0,-0.0,0.0,0.0,35.42157711128463,0.0,3626.2770837257344,-26.412801274459245,-11807.192370428209,8090.212434578406,0.0,-821.3242980874638,0.0,0.0,10.116674882976373,0.0,-3882.888752344055,-23.891098037739656,-3372.224960992124,1350.589228561592,0.0,-0.0,0.0,0.0,4.828523151283431,0.0,256.61166861832055,-2.521703236719587,-1609.5077170944767
t1141,8044.262473462904,0.0,-0.0,0.0,0.0,35.785310574689916,0.0,3875.7248649819344,-27.335790789558736,-11928.43685822997,6340.510594164067,0.0,-0.0,0.0,0.0,10.219751582413352,0.0,-2926.142170646628,-18.004314295401798,-3406.5838608044505,2580.7180014939586,0.0,-0.0,0.0,0.0,4.880051646934289,0.0,-949.5826943353065,-9.33147649415694,-1626.6838823114297
t1142,7596.304153524502,0.0,-0.0,0.0,0.0,35.809559472250264,0.0,4337.067458277965,-32.661347191297004,-11936.519824083422,6126.6442386601875,0.0,-0.0,0.0,0.0,10.228846585304849,0.0,-2710.579581557455,-16.677975253087126,-3409.6155284349497,2366.1163203856268,899.1660905094298,-0.0,0.0,0.0,4.883082734913752,0.0,-1626.4878767205098,-15.983371938209881,-1627.6942449712506
t1143,6359.602017565527,0.0,-0.0,0.0,0.0,35.527666038111164,0.0,5487.994079873507,-40.56841744009009,-11842.555346037056,7031.376665590704,0.0,-0.0,0.0,0.0,10.146991559281368,0.0,-3636.816104300284,-22.377033089247146,-3382.3305197604554,2132.510261092103,1346.5749506343636,-0.0,0.0,0.0,4.843678591180742,0.0,-1851.1779755732236,-18.191384350842934,-1614.5595303935806
t1144,5260.177431265093,0.0,-0.0,0.0,0.0,34.70926574544928,0.0,6320.638788721,-45.77023724845069,-11569.755248483092,7771.040764536181,0.0,-0.0,0.0,0.0,9.916584819363415,0.0,-4448.060522357274,-27.36855387713173,-3305.528273121138,2011.834617758868,1451.5899156204487,-0.0,0.0,0.0,4.731528335940637,0.0,-1872.578266363726,-18.401683371318956,-1577.1761119802122
t1145,4544.580253828782,0.0,-0.0,0.0,0.0,33.99998549180897,0.0,6811.353983886571,-56.60572593750439,-11333.328497269658,6056.759582109275,0.0,-0.0,0.0,0.0,9.713463088119958,0.0,-2811.3539838865713,-17.298031937504387,-3237.821029373319,2462.781169599473,3117.7438293177183,-0.0,0.0,0.0,4.637564608577306,0.0,-4000.0,-39.307694,-1545.8548695257687
t1146,5513.961778202405,0.0,-0.0,0.0,0.0,302.97178834343174,0.0,5452.488516974329,-48.244737467128914,-11221.177346053028,3859.087457890171,721.2732963504504,-0.0,0.0,0.0,86.5480475154958,0.0,-1452.4885169743293,-8.937043467128916,-3205.4832413146596,3477.965823437137,2087.4492019024347,-0.0,0.0,0.0,4.592098288885372,0.0,-4000.0,-39.307694,-1530.6994296284572
t1147,4733.647285406479,2056.740543575707,-0.0,0.0,0.0,298.33418668501446,0.0,4000.0,-39.307694,-11049.4143216672,2495.9740659960466,574.7808552633451,-0.0,0.0,0.0,85.21108209044559,0.0,-0.0,-0.0,-3155.9660033498367,4526.055670738526,1015.1833968768549,-0.0,0.0,0.0,4.519352177378276,0.0,-4000.0,-39.307694,-1506.4507257927587
t1148,4506.227856258344,0.0,-0.0,0.0,0.0,32.708731696720214,0.0,6418.160415575299,-54.186437956960944,-10902.910565573404,5537.221248085538,0.0,-0.0,0.0,0.0,9.340567969568538,0.0,-2418.1604155752993,-14.878743956960948,-3113.5226565228454,2668.013198326836,2853.0792378517185,-0.0,0.0,0.0,4.458730417789031,0.0,-4000.0,-39.307694,-1486.2434725963435
t1149,2214.7833691032124,0.0,-0.0,0.0,0.0,32.717825033305346,0.0,8725.334779595965,-66.89429596403446,-10905.941677768447,8268.105512501648,0.0,-0.0,0.0,0.0,9.346631304829536,0.0,-5130.341800554013,-31.566574975952104,-3115.543768276512,2280.1598645010117,2832.9529092794173,-0.0,0.0,0.0,4.461761505768493,0.0,-3594.992979041951,-35.32772098808236,-1487.2538352561644
t1150,4732.443096374386,1023.099932525501,-0.0,0.0,0.0,283.9849015536759,0.0,4520.9444088398695,-42.5130224906224,-10517.959316802811,3447.414028366089,0.0,-0.0,0.0,0.0,81.11833078927144,0.0,-520.9444088398698,-3.2053284906223984,-3004.3826218248682,1196.136295721551,4272.5748987212555,-0.0,0.0,0.0,4.301113842856991,0.0,-4000.0,-39.307694,-1433.7046142856639
t1151,4732.443096374386,870.371140521252,-0.0,0.0,0.0,265.3799349004956,0.0,4000.0,-39.307694,-9828.886477796133,1790.8707718737976,940.6556998708666,-0.0,0.0,0.0,75.79775409774506,0.0,-0.0,-0.0,-2807.3242258424098,1061.0956089986068,4313.933749262958,-0.0,0.0,0.0,4.019222660766998,0.0,-4000.0,-39.307694,-1339.7408869223327
t1152,4732.443096374386,0.0,-0.0,0.0,0.0,244.53800744737282,0.0,4120.028353647508,-40.04621867768229,-9056.963238791584,1625.6798519941642,1012.2604488171105,-0.0,0.0,0.0,69.8496222067053,0.0,-120.02835364750862,-0.7385246776822982,-2587.0230446927894,917.3181576413605,4352.94871714871,-0.0,0.0,0.0,3.7039895109029204,0.0,-4000.0,-39.307694,-1234.6631703009734
t1153,4732.443096374356,0.0,-0.0,0.0,0.0,25.158231218865513,0.0,3669.815040507631,-41.33929514568235,-8386.077072955171,2075.323707536157,0.0,-0.0,0.0,0.0,-8.459637788387504,0.0,330.18495949236905,-2.0316011456823486,-2395.0174280944966,1183.6700241917977,3994.929677560714,-0.0,0.0,0.0,3.4281605047718515,0.0,-4000.0,-39.307694,-1142.7201682572838
t1154,2438.062499210411,0.0,-0.0,0.0,0.0,23.845759638411447,0.0,5535.433377723639,-48.75509043531326,-7948.586546137149,3808.7876722372425,0.0,-0.0,0.0,0.0,6.812157165732067,0.0,-1535.4333777236386,-9.447396435313264,-2270.7190552440225,1022.9930049868998,4096.174134026975,-0.0,0.0,0.0,3.249326313983576,0.0,-4000.0,-39.307694,-1083.1087713278587
t1155,2214.7833691032124,0.0,-0.0,0.0,0.0,22.987954887213984,0.0,5471.54659259038,-46.66628750947937,-7662.651629071328,4127.2815706190595,0.0,-0.0,0.0,0.0,6.566592087661619,0.0,-1933.0899883347913,-11.894145151389921,-2188.8640292205396,651.161603347929,3963.6479885496556,-0.0,0.0,0.0,3.134144970764009,0.0,-3538.4566042555894,-34.77214235808945,-1044.7149902546698
t1156,2214.7833691032124,0.0,-0.0,0.0,0.0,22.49085248722676,0.0,5302.303094111444,-42.62648662629617,-7496.950829075587,4730.79295707332,0.0,-0.0,0.0,0.0,6.424103709028149,0.0,-2579.974783199882,-15.874374573084042,-2141.367903009383,922.281532918296,2845.2111091780334,-0.0,0.0,0.0,3.064429947236376,0.0,-2722.328310911562,-26.752112053212134,-1021.4766490787921
t1157,2214.7833691032124,0.0,-0.0,0.0,0.0,22.372639111620042,0.0,5267.26433757014,-46.873975244958224,-7457.546370540014,3462.2092231649476,0.0,-0.0,0.0,0.0,6.390755365092657,0.0,-1330.1638007084123,-8.184389457409104,-2130.251788364219,1379.0449006016065,3610.120783320019,-0.0,0.0,0.0,3.049274507339065,0.0,-3937.1005368617275,-38.68958578754912,-1016.4248357796884
t1158,2500.121039441981,0.0,-0.0,0.0,0.0,22.548443618932602,0.0,5039.180074220119,-45.70168430350034,-7516.147872977533,3185.5554848699885,0.0,-0.0,0.0,0.0,6.439262047180647,0.0,-1039.1800742201199,-6.393990303500349,-2146.4206823935488,2100.0149721844436,2960.7269356626366,-0.0,0.0,0.0,3.0735232111747632,0.0,-4000.0,-39.307694,-1024.5077370582544
t1159,2782.4573343600864,0.0,-0.0,0.0,0.0,22.93945709209328,0.0,4885.847145200121,-44.758239287874005,-7646.485697364426,3068.55750657486,0.0,-0.0,0.0,0.0,6.551433749509123,0.0,-885.8471452001211,-5.450545287874012,-2183.8112498363744,1822.75403693748,3255.112507630902,-0.0,0.0,0.0,3.125051706825622,0.0,-4000.0,-39.307694,-1041.6839022752074
t1160,4318.501608168774,0.0,-0.0,0.0,0.0,24.430764292054942,0.0,3832.068028424314,-31.412303533495084,-8143.588097351648,4029.5964750995986,0.0,-0.0,0.0,0.0,6.978898885409533,0.0,-1699.8169105993243,-10.458834915839429,-2326.2996284698443,1179.4821953952348,2080.7797885010004,-0.0,0.0,0.0,3.3311656894290587,0.0,-2132.2511178249893,-20.953468617655655,-1110.3885631430194
t1161,5738.240477005807,0.0,-0.0,0.0,0.0,26.555573940780818,0.0,3107.9349404598643,-20.873011146181472,-8851.857980260273,5168.594642154246,0.0,-0.0,0.0,0.0,7.585232411509406,0.0,-2631.5771907481544,-16.19187998113235,-2528.4108038364684,661.9174092876199,1022.8826999394948,-0.0,0.0,0.0,3.6221501354574386,0.0,-476.3577497117103,-4.681131165049123,-1207.3833784858127
t1162,6855.727898787628,0.0,-0.0,0.0,0.0,28.462143511463516,0.0,2620.4039646044102,-17.212836415663503,-9487.381170487839,5407.319046201552,0.0,-0.0,0.0,0.0,8.130932584999291,0.0,-2688.5964025756793,-16.542714544441342,-2710.3108616664304,775.183596684527,446.678499172292,-0.0,0.0,0.0,3.879792613711733,0.0,68.19243797126929,-0.6701218712221584,-1293.2642045705777
t1163,7715.518867701658,0.0,-0.0,0.0,0.0,29.780677316307674,0.0,2198.256052403479,-16.663158652472404,-9926.892438769224,6355.365376818608,0.0,-1118.923511619013,0.0,0.0,8.506859371181212,0.0,-2394.595185162242,-14.733749014795686,-2835.6197903937373,1154.4072515744156,0.0,-0.0,0.0,0.0,4.058626804500007,0.0,196.33913275876378,-1.9294096376767156,-1352.8756015000026
t1164,7888.922088322975,0.0,-0.0,0.0,0.0,30.76881989189203,0.0,2356.6192712333536,-20.036882150911353,-10256.273297297343,6726.681694573101,0.0,-1086.1314834168984,0.0,0.0,8.788804460817651,0.0,-2703.1055405896545,-16.63198808814659,-2929.6014869392175,1051.065520134825,0.0,-0.0,0.0,0.0,4.195025763575811,0.0,346.486269356301,-3.4048940627647637,-1398.341921191937
t1165,7831.121014782536,0.0,-0.0,0.0,0.0,31.365948994315705,0.0,2611.558801104962,-18.72943344324462,-10455.316331438567,6813.963852984476,0.0,-1937.7611410328852,0.0,0.0,8.958577848125618,0.0,-1887.3559265612216,-11.61274719662318,-2986.192616041872,2152.664408658439,0.0,-0.0,0.0,0.0,4.276865139021293,0.0,-724.2028745437409,-7.116686246621439,-1425.6217130070977
t1166,9148.503815891709,0.0,-2895.8437335655512,0.0,0.0,31.438695686996752,0.0,4223.120364596679,-27.653913610914756,-10479.56522899892,8085.676258317452,0.0,-1309.461474398497,0.0,0.0,8.979799521539112,0.0,-3768.7393303136264,-23.18874594716432,-2993.266507179704,1883.2130445304028,0.0,-0.0,0.0,0.0,4.28595840295968,0.0,-454.38103428305214,-4.465167663750432,-1428.65280098656
t1167,7006.251527799187,0.0,-0.0,0.0,0.0,31.338668984560307,0.0,3429.7356821987996,-21.102884129111114,-10446.222994853435,6426.057556103253,0.0,-0.0,0.0,0.0,8.952514512864619,0.0,-3429.7356821987996,-21.102884129111114,-2984.171504288206,1125.8498705238192,293.48031420057487,-0.0,0.0,0.0,4.270802963062369,0.0,-0.0,-0.0,-1423.6009876874562
t1168,6351.172694340879,0.0,-0.0,0.0,0.0,31.190144487003153,0.0,4043.6737191431043,-29.321728969935755,-10396.71482900105,5813.376196787825,0.0,-0.0,0.0,0.0,8.910071166037628,0.0,-2834.8201287271027,-17.442417214217375,-2970.0237220125423,1455.696414443583,1178.322683021483,-0.0,0.0,0.0,4.252616435185595,0.0,-1208.8535904160017,-11.879311755718382,-1417.5388117285315
t1169,5264.994187393463,0.0,-0.0,0.0,0.0,31.49325570650755,0.0,5247.672991205653,-46.40853213643805,-10497.751902169184,4403.421286980302,0.0,-0.0,0.0,0.0,8.997989527322108,0.0,-1404.4479801078294,-8.641453959093097,-2999.3298424407026,948.3234115806107,4360.057514993682,-0.0,0.0,0.0,4.295051666898067,0.0,-3843.225011097823,-37.767078177344956,-1431.6838889660223
t1170,6381.273378573735,0.0,-0.0,0.0,0.0,31.929735862593894,0.0,4271.017415162544,-40.97524206757579,-10643.245287531297,3304.3253087208077,0.0,-0.0,0.0,0.0,9.122287900172582,0.0,-271.01741516254356,-1.6675480675757948,-3040.7626333908606,2387.176249758661,3098.6595814054476,-0.0,0.0,0.0,4.3526423385078505,0.0,-4000.0,-39.307694,-1450.8807795026169
t1171,5177.993038248604,1159.1899679257197,-0.0,0.0,0.0,285.7581021877767,0.0,4000.0,-39.307694,-10583.633414362099,1977.6604742100253,963.3026924524269,-0.0,0.0,0.0,81.60946094541234,0.0,-0.0,-0.0,-3022.5726276078644,2511.3805616901195,2966.396616899259,-0.0,0.0,0.0,4.328393634672152,0.0,-4000.0,-39.307694,-1442.7978782240507
t1172,4732.443096374386,1457.276301511044,-0.0,0.0,0.0,281.66610072446724,0.0,4000.0,-39.307694,-10432.077804609897,1381.66848388266,1517.9973063171294,-0.0,0.0,0.0,80.46349058108358,0.0,-0.0,-0.0,-2980.1292807808736,2845.580946430528,2612.049600722024,-0.0,0.0,0.0,4.267771875082906,0.0,-4000.0,-39.307694,-1422.5906250276355
t1173,4732.443096374386,1568.3655530886754,-0.0,0.0,0.0,284.748741826827,0.0,4000.0,-39.307694,-10546.24969728989,1582.4976509179164,1348.6328070629495,-0.0,0.0,0.0,81.33661085866738,0.0,-0.0,-0.0,-3012.467068839533,3026.936326683216,2445.804194046956,-0.0,0.0,0.0,4.313238194774841,0.0,-4000.0,-39.307694,-1437.746064924947
t1174,4732.443096374386,0.0,-0.0,0.0,0.0,276.3464988221649,0.0,5273.408791245199,-47.14287450971521,-10235.055511932034,1552.8575967458098,2572.988996592011,-0.0,0.0,0.0,78.9355300953119,0.0,-1273.4087912451985,-7.8351805097152205,-2923.5381516782186,2989.050202242291,2441.382392470546,-0.0,0.0,0.0,4.185932499637425,0.0,-4000.0,-39.307694,-1395.3108332124748
t1175,4732.443096374386,0.0,-0.0,0.0,0.0,255.42273133977594,0.0,4514.709995672791,-42.474662654510034,-9460.101160732442,2819.690259606209,328.4362770454179,-0.0,0.0,0.0,72.98739820427217,0.0,-514.7099956727907,-3.1669686545100335,-2703.2369705285982,3803.4710721410866,1522.1990391002555,-0.0,0.0,0.0,3.8706993497733455,0.0,-4000.0,-39.307694,-1290.2331165911153
t1176,4732.443096374386,0.0,-0.0,0.0,0.0,232.72576322328615,0.0,3695.4852011154703,-41.1813487395804,-8619.472711973562,1138.6255246114902,953.9811660780334,-0.0,0.0,0.0,66.46628113106802,0.0,304.51479888452997,-1.873654739580404,-2461.7141159654825,355.9253825266518,4854.908929524781,-0.0,0.0,0.0,3.525155320114645,0.0,-4000.0,-39.307694,-1175.0517733715483
t1177,4732.443096374386,0.0,-0.0,0.0,0.0,22.887928184777532,0.0,2914.83193555638,-40.8535651896995,-7629.309394925844,1412.8524064756173,0.0,-0.0,0.0,0.0,6.536275411356625,0.0,764.0710554979223,-4.701266932687694,-2178.7584704522087,3213.182999295048,1539.4238090128067,-0.0,0.0,0.0,3.1220206188461606,0.0,-3678.902991054302,-36.15229825701181,-1040.6735396153867
t1178,4732.443096374386,0.0,-0.0,0.0,0.0,21.811883355536896,0.0,2555.4782765372265,-39.10547108818355,-7270.6277851789655,1200.1855673486032,0.0,-0.0,0.0,0.0,6.2300769806761895,0.0,875.6645753281149,-5.387892765331002,-2076.692326892063,3449.5033898049096,1003.5493123596009,-0.0,0.0,0.0,2.973497307852508,0.0,-3431.142851865341,-33.71757832285254,-991.1657692841693
t1179,4732.443096374386,0.0,-0.0,0.0,0.0,21.17838090677269,0.0,2342.7926525244916,-36.95382754808639,-7059.460302257564,1143.565139832375,0.0,-0.0,0.0,0.0,6.048176922846228,0.0,871.809832372944,-5.364174846089386,-2016.058974282076,3576.0839533420394,630.0951722221541,-0.0,0.0,0.0,2.888626844427564,0.0,-3214.6024848974357,-31.589652701997004,-962.8756148091879
t1180,3858.484933209461,0.0,-0.0,0.0,0.0,20.96014082872952,0.0,3151.795164760849,-44.52662922253242,-6986.713609576507,1146.8744131585588,0.0,-0.0,0.0,0.0,5.987543570236242,0.0,848.2048352391512,-5.218935222532424,-1995.8478567454138,4147.819642791604,841.4017234547431,-0.0,0.0,0.0,2.8583159646329404,0.0,-4000.0,-39.307694,-952.7719882109802
t1181,4000.357813798951,0.0,-0.0,0.0,0.0,21.384496536035687,0.0,3149.284252129929,-42.86105045301977,-7128.165512011896,1289.2294489712554,0.0,-0.0,0.0,0.0,6.108810275456215,0.0,745.5189499110351,-4.587117339008181,-2036.2700918187384,4902.130107266307,0.0,-0.0,0.0,0.0,2.9159066362427244,0.0,-3894.803202040964,-38.2739331140116,-971.9688787475748
t1182,4650.278073927752,0.0,-0.0,0.0,0.0,22.830337053071695,0.0,2982.571786917769,-45.567846874695604,-7610.112351023898,1156.016513787303,0.0,-0.0,0.0,0.0,6.52111707320413,0.0,1017.4282130822312,-6.260152874695603,-2173.705691068043,5211.364430815854,0.0,-137.5272125348366,0.0,0.0,3.1129273549077734,0.0,-4000.0,-39.307694,-1037.6424516359243
t1183,4891.766106044069,0.0,-0.0,0.0,0.0,25.23704013593666,0.0,3537.497003045149,-42.15343724626894,-8412.346711978886,1936.2353157752525,0.0,-0.0,0.0,0.0,7.2093056253274845,0.0,462.50299695485086,-2.845743246268946,-2403.1018751091615,5319.495406166645,0.0,-136.86637812676696,0.0,0.0,3.440284856689701,0.0,-4000.0,-39.307694,-1146.761618896567
t1184,5371.5787353224,0.0,-0.0,0.0,0.0,28.00141445781682,0.0,3969.3931984883716,-35.16852899631577,-9333.804819272274,3710.028510603094,0.0,-0.0,0.0,0.0,8.000570876887817,0.0,-1044.7438984567993,-6.428224060576961,-2666.856958962606,1546.3203920020637,2675.299661913446,-0.0,0.0,0.0,3.816139766143025,0.0,-2924.6493000315727,-28.74030493573881,-1272.0465887143416
t1185,7006.1963618559375,0.0,-0.0,0.0,0.0,30.214126360198964,0.0,3053.754467541311,-18.789502357792582,-10071.375453399656,5940.965393498967,0.0,-0.0,0.0,0.0,8.631157744031686,0.0,-3053.754467541311,-18.789502357792582,-2877.0525813438953,365.9352273462768,1003.0283787860519,-0.0,0.0,0.0,4.119248564089254,0.0,-0.0,-0.0,-1373.082854696418
t1186,8004.524235403853,0.0,-0.0,0.0,0.0,32.081291472346095,0.0,2690.6476423307136,-33.489345091548316,-10693.763824115365,6819.179668695307,0.0,-0.0,0.0,0.0,9.164731246999573,0.0,-3750.3583350941512,-23.075649181630006,-3054.9104156665244,349.3373785792774,54.94508273420129,-0.0,0.0,0.0,4.373859954364087,0.0,1059.7106927634377,-10.413695909918307,-1457.9533181213621
t1187,9129.23679137823,0.0,-495.19884327832295,0.0,0.0,33.64837647718386,0.0,2583.26732288107,-34.828155063538716,-11216.125492394622,6985.141767858757,0.0,-0.0,0.0,0.0,9.610386388682981,0.0,-3768.105180610721,-23.184844075725547,-3203.462129560993,351.90545302589237,0.0,-0.0,0.0,0.0,4.589067200905909,0.0,1184.8378577296512,-11.643310987813164,-1529.6890669686363
t1188,8646.356989509144,0.0,-0.0,0.0,0.0,34.75170131617989,0.0,2928.6704965624144,-25.878748661109874,-11583.90043872663,6740.150097665092,0.0,-0.0,0.0,0.0,9.925679822254914,0.0,-3420.469963816647,-21.04587291906178,-3308.559940751638,513.6642047874736,573.8284504882964,-0.0,0.0,0.0,4.737590511899562,0.0,491.79946725423235,-4.832875742048096,-1579.1968372998538
t1189,8104.471925067529,0.0,-0.0,0.0,0.0,35.41551488689454,0.0,3687.9760047979003,-22.69181578747709,-11805.171628964847,7072.776106694525,0.0,-0.0,0.0,0.0,10.116674882976373,0.0,-3687.9760047979003,-22.69181578747709,-3372.224960992124,605.8699061340759,998.8092878091173,-0.0,0.0,0.0,4.828523151283431,0.0,-0.0,-0.0,-1609.5077170944767
t1190,7757.651226074465,0.0,-0.0,0.0,0.0,35.90352395029663,0.0,4200.12962199435,-25.84305525356704,-11967.841316765544,7634.427076980385,0.0,-0.0,0.0,0.0,10.256131593979344,0.0,-4200.12962199435,-25.84305525356704,-3418.710531326448,695.4090826221377,931.4314059015642,-0.0,0.0,0.0,4.895207086831601,0.0,-0.0,-0.0,-1631.7356956105334
t1191,7475.885250315255,0.0,-0.0,0.0,0.0,36.00355065273308,0.0,4517.676223788458,-28.38147384541755,-12001.183550911028,7802.903698512898,0.0,-0.0,0.0,0.0,10.283416602653839,0.0,-4358.563693713129,-26.817887184475854,-3427.805534217946,1792.553263119178,0.0,-0.0,0.0,0.0,4.910362526728912,0.0,-159.11253007532778,-1.5635866609416953,-1636.7875089096374
t1192,6853.319520723443,0.0,-0.0,0.0,0.0,35.93686618444212,0.0,5122.670189129123,-32.97118122297048,-11978.955394814038,8168.0780955378505,0.0,-0.0,0.0,0.0,10.265226596870841,0.0,-4727.513120241249,-29.0880029365251,-3421.742198956947,2026.888067269863,0.0,-0.0,0.0,0.0,4.8982381748110635,0.0,-395.1570688878745,-3.8831782864453723,-1632.7460582703543
t1193,7071.763323231773,0.0,-0.0,0.0,0.0,35.991426203952905,0.0,4923.317287330057,-33.92996878148324,-11997.142067984301,7374.0513872570655,0.0,-0.0,0.0,0.0,10.280384935023338,0.0,-3933.3353023027344,-24.201491548241588,-3426.7949783411127,2630.5802770716314,0.0,-0.0,0.0,0.0,4.90733143874945,0.0,-989.9819850273228,-9.728477233241648,-1635.7771462498165
t1194,6482.129760004758,0.0,-0.0,0.0,0.0,35.87321282834619,0.0,5484.185795187586,-44.45115857196021,-11957.73760944873,5991.059384426043,0.0,-0.0,0.0,0.0,10.247036591087847,0.0,-2569.8156908155734,-15.811866505609423,-3415.6788636959486,3284.592609139879,1284.249944250345,-0.0,0.0,0.0,4.892175998852139,0.0,-2914.3701043720125,-28.639292066350787,-1630.7253329507128
t1195,4979.301847953345,2387.1771440774464,-0.0,0.0,0.0,314.3202724016767,0.0,4000.0,-39.307694,-11641.491570432469,2501.8843223383365,734.0601047717037,-0.0,0.0,0.0,89.79496354776062,0.0,-0.0,-0.0,-3325.739390657801,4746.202156166667,875.6234371960173,-0.0,0.0,0.0,4.76183921573526,0.0,-4000.0,-39.307694,-1587.27973857842
t1196,4732.443096374386,2475.758289426329,-0.0,0.0,0.0,309.92819083105786,0.0,4000.0,-39.307694,-11478.821882631772,2778.944579115337,411.7693880594062,-0.0,0.0,0.0,88.53985314873388,0.0,-0.0,-0.0,-3279.253820323477,7652.121721244761,0.0,-2052.4574224625853,0.0,0.0,4.69515528018709,0.0,-4000.0,-39.307694,-1565.0517600623632
t1197,4732.443096374386,2575.0504523408486,-0.0,0.0,0.0,312.6834718163529,0.0,4000.0,-39.307694,-11580.869326531587,2048.4492703574283,1169.7962811257569,-0.0,0.0,0.0,89.30383339161973,0.0,-0.0,-0.0,-3307.5493848748047,6697.940111623306,0.0,-1084.1731708353516,0.0,0.0,4.737590511899562,0.0,-4000.0,-39.307694,-1579.1968372998538
t1198,4732.443096374386,1880.005311939204,-0.0,0.0,0.0,293.3965049192877,0.0,4000.0,-39.307694,-10866.537219232876,2258.2505586301354,761.3742774850069,-0.0,0.0,0.0,83.79226163937189,0.0,-0.0,-0.0,-3103.417097754514,5516.055778319348,0.0,-0.0,0.0,0.0,4.4435749778917195,0.0,-4000.0,-39.307694,-1481.1916592972398
t1199,4732.443096374386,869.3880497993263,-0.0,0.0,0.0,265.3526548907402,0.0,4000.0,-39.307694,-9827.876107064452,2496.8199098211603,234.7065619235038,-0.0,0.0,0.0,75.79775409774506,0.0,-0.0,-0.0,-2807.3242258424098,4864.558790610639,510.470567650926,-0.0,0.0,0.0,4.019222660766998,0.0,-4000.0,-39.307694,-1339.7408869223327
t1200,3177.5335031612276,0.0,-0.0,0.0,0.0,26.52223170663533,0.0,5683.43485895228,-46.74669160836693,-8840.743902211778,5010.996139193513,0.0,-0.0,0.0,0.0,7.576137408617908,0.0,-2477.9465373047683,-15.24660309139345,-2525.379136205969,4438.734975371157,0.0,-0.0,0.0,0.0,3.616087959498514,0.0,-3205.4883216475114,-31.500088516973488,-1205.3626531661712
t1201,2792.9590794779697,0.0,-0.0,0.0,0.0,24.40348428229955,0.0,5359.4476457390265,-42.315448732778776,-8134.494760766516,5151.113245534369,0.0,-0.0,0.0,0.0,6.969803882518035,0.0,-2817.4793676529416,-17.335720924600086,-2323.267960839345,3672.998071775653,0.0,-0.0,0.0,0.0,3.3281346014495963,0.0,-2541.968278086085,-24.979727808178684,-1109.3782004831987
t1202,4732.443096374386,0.0,-0.0,0.0,0.0,23.215288301842286,0.0,3008.287513028087,-25.516463756887187,-7738.429433947428,3312.420268182663,0.0,-0.0,0.0,0.0,6.633288775532606,0.0,-1101.181816476863,-6.775481970464097,-2211.0962585108687,2427.976389626128,549.5244497138376,-0.0,0.0,0.0,3.1644558505586318,0.0,-1907.105696551224,-18.74098178642309,-1054.8186168528773
t1203,4732.443096374386,0.0,-0.0,0.0,0.0,22.448416916496146,0.0,2754.0994245537104,-26.185299012543595,-7482.805638832048,2371.641168877018,0.0,-0.0,0.0,0.0,6.411977038506152,0.0,-239.25534775802902,-1.47211865544431,-2137.3256795020507,1566.0250837711346,1990.9370609413606,-0.0,0.0,0.0,3.0613988592569146,0.0,-2514.8440767956813,-24.713180357099287,-1020.4662864189715
t1204,4732.443096374386,0.0,-0.0,0.0,0.0,22.145305696991738,0.0,2654.060008703537,-26.879845111000513,-7381.768565663913,2052.027505078967,0.0,-0.0,0.0,0.0,6.32405867722167,0.0,49.9754904373601,-0.3074951196586061,-2108.01955907389,1509.7694919383505,2224.1406027478247,-0.0,0.0,0.0,3.0189636275444425,0.0,-2704.0354991408967,-26.572349991341905,-1006.3212091814809
t1205,2837.6638818638867,0.0,-0.0,0.0,0.0,22.566630292102865,0.0,4700.320160783826,-38.340575572196485,-7522.210097367621,4291.532469414078,0.0,-0.0,0.0,0.0,6.445325382441644,0.0,-2136.3909611810213,-13.145039468283487,-2148.4417941472148,3610.5589495537984,0.0,-0.0,0.0,0.0,3.0735232111747632,0.0,-2563.929199602806,-25.195536103913,-1024.5077370582544
t1206,2140.1564329085445,0.0,-0.0,0.0,0.0,24.215555326206818,0.0,5958.840064438547,-51.360277271025126,-8071.851775402272,4270.0628931099545,0.0,-0.0,0.0,0.0,6.918265532799545,0.0,-1958.840064438547,-12.052583271025128,-2306.0885109331816,5550.691405893432,0.0,-414.39963015825464,0.0,0.0,3.3008548096344352,0.0,-4000.0,-39.307694,-1100.2849365448117
t1207,3649.9486956685837,0.0,-0.0,0.0,0.0,26.861716272480262,0.0,5324.55257023263,-47.4575580136069,-8953.905424160088,3882.7462077380724,0.0,-0.0,0.0,0.0,7.673150772793887,0.0,-1324.5525702326306,-8.1498640136069,-2557.716924264629,5338.372305256877,0.0,-82.2080724725838,0.0,0.0,3.6615542791904483,0.0,-4000.0,-39.307694,-1220.5180930634826
t1208,3441.001293105212,0.0,-0.0,0.0,0.0,29.62912170655547,0.0,6450.913811570556,-45.17032419716635,-9876.373902185156,7803.319999644837,0.0,-0.0,0.0,0.0,8.46441602435422,0.0,-4959.7951919583065,-30.517215592811176,-2821.4720081180735,2847.5373819092183,0.0,-0.0,0.0,0.0,4.037409188643772,0.0,-1491.1186196122494,-14.653108604355173,-1345.8030628812573
t1209,4752.037586065516,0.0,-153.06484340890657,0.0,0.0,31.732713569916033,0.0,5986.223204592557,-39.35747084707189,-10577.57118997201,8344.138436786054,0.0,-0.0,0.0,0.0,9.064686215193094,0.0,-5299.036511486515,-32.604539783700844,-3021.562071731031,2132.409108758791,0.0,-0.0,0.0,0.0,4.328393634672152,0.0,-687.1866931060413,-6.7529310633710455,-1442.7978782240507
t1210,6460.781822604744,0.0,-752.5511933205245,0.0,0.0,33.49682086743166,0.0,5464.461726107762,-40.582220448861065,-11165.606955810554,10640.44760218249,0.0,-1524.3989787890177,0.0,0.0,9.567943041855989,0.0,-5900.0,-36.30221915,-3189.3143472853294,1086.7904061714648,0.0,-0.0,0.0,0.0,4.567849585049673,0.0,435.5382738922378,-4.280001298861067,-1522.616528349891
t1211,7519.263981814033,0.0,-1258.4609303946932,0.0,0.0,35.060874760074384,0.0,5431.995589864776,-40.90126268606147,-11686.958253358129,14660.005408437073,0.0,-5395.850726290813,0.0,0.0,10.013598183539393,0.0,-5900.0,-36.30221915,-3337.866061179798,1125.1565221945698,0.0,-0.0,0.0,0.0,4.780025743612034,0.0,468.004410135224,-4.599043536061471,-1593.3419145373446
t1212,7845.599209511096,0.0,-2160.9814415089786,0.0,0.0,36.103577355169534,0.0,6354.573720020984,-40.76928032175661,-12034.525785056512,12451.093716597157,0.0,-3088.201661949036,0.0,0.0,10.310701611328332,0.0,-5900.000000000004,-36.30221915000001,-3436.900537109444,2094.947253863011,0.0,-0.0,0.0,0.0,4.922486878646762,0.0,-454.5737200209808,-4.467061171756597,-1640.8289595489205
t1213,7555.389652776807,0.0,-2218.3949763301857,0.0,0.0,36.8098264966148,0.0,6942.6862800536155,-46.548617458586435,-12269.942165538265,11670.834476819382,0.0,-2240.438300154686,0.0,0.0,10.51382334257179,0.0,-5900.000000000004,-36.30221915000001,-3504.607780857263,2721.073761331393,0.0,-0.0,0.0,0.0,5.019481693989555,0.0,-1042.6862800536114,-10.246398308586414,-1673.160564663185
t1214,7525.284926974496,0.0,-1542.2266715684714,0.0,0.0,37.519106750255105,0.0,6528.267712493617,-42.47615789819476,-12506.3689167517,11785.323095673744,0.0,-2286.4152727832748,0.0,0.0,10.719976741445747,0.0,-5900.0,-36.302219149999985,-3573.3255804819155,2334.817344509929,0.0,-0.0,0.0,0.0,5.116476509332348,0.0,-628.2677124936172,-6.173938748194771,-1705.4921697774494
t1215,7236.279559272301,0.0,-613.4961344835807,0.0,0.0,37.9040579990257,0.0,6011.560869267331,-37.56235237984328,-12634.685999675232,9489.304286883966,0.0,-0.0,0.0,0.0,10.826085108513224,0.0,-5855.40749074655,-36.027845074853026,-3608.6950361710747,1875.1882158151898,0.0,-0.0,0.0,0.0,5.168005004983208,0.0,-156.15337852078028,-1.534507304990251,-1722.6683349944024
t1216,7333.263239727118,0.0,-0.0,0.0,0.0,38.02530248682746,0.0,5337.197515314076,-33.38522858553417,-12675.100828942484,8830.500913753138,0.0,-0.0,0.0,0.0,10.862465120079216,0.0,-5188.616537497174,-31.925134682972292,-3620.821706693072,1100.3234071265854,773.2619840133443,-0.0,0.0,0.0,5.186191532859981,0.0,-148.5809778169009,-1.4600939025618822,-1728.7305109533268
t1217,5520.958746427862,0.0,-0.0,0.0,0.0,38.03136471121754,0.0,7175.869560477238,-57.738101210471775,-12677.121570405847,7109.477019517774,0.0,-0.0,0.0,0.0,10.862465120079216,0.0,-3478.1172062413307,-21.4005717034506,-3620.821706693072,1624.4508751545106,3833.1833280088854,-0.0,0.0,0.0,5.186191532859981,0.0,-3697.752354235908,-36.33752950702117,-1728.7305109533268
t1218,6341.239643249938,1498.7887209374928,-0.0,0.0,0.0,336.6898804011017,0.0,4334.644057434543,-41.36673161190406,-12469.99557041117,3802.7329053056055,0.0,-0.0,0.0,0.0,96.17965557759229,0.0,-334.64405743454284,-2.059037611904061,-3562.209465836751,987.680399567846,4746.966329841064,-0.0,0.0,0.0,5.101321069435037,0.0,-4000.0,-39.307694,-1700.4403564783454
t1219,4910.663073124073,2855.933842730577,-0.0,0.0,0.0,325.423236372123,0.0,4000.0,-39.307694,-12052.712458226775,2125.8799134989454,1223.1406634493374,-0.0,0.0,0.0,92.93273954532746,0.0,-0.0,-0.0,-3441.9533164936097,1080.0485827899845,4597.180247023972,-0.0,0.0,0.0,4.9285490546056865,0.0,-4000.0,-39.307694,-1642.849684868562
t1220,4732.443096374386,2804.1105905495947,-0.0,0.0,0.0,319.0397140893602,0.0,4000.0,-39.307694,-11816.285707013341,1795.185520501275,1488.9391791485382,-0.0,0.0,0.0,91.13192897281084,0.0,-0.0,-0.0,-3375.256628622624,1990.7615317937557,3655.24001929312,-0.0,0.0,0.0,4.834585327242356,0.0,-4000.0,-39.307694,-1611.5284424141182
t1221,4732.443096374386,2857.197489533597,-0.0,0.0,0.0,320.5128346161517,0.0,4000.0,-39.307694,-11870.845726524134,3022.2926143834115,277.5644191569393,-0.0,0.0,0.0,91.56848911160274,0.0,-0.0,-0.0,-3391.4255226519535,1870.6964004964095,3782.3564715933553,-0.0,0.0,0.0,4.855802943098591,0.0,-4000.0,-39.307694,-1618.6009810328635
t1222,4732.443096374386,2142.4905346934315,-0.0,0.0,0.0,300.6802675239785,0.0,4000.0,-39.307694,-11136.306204591796,2374.829265116886,720.5074278464705,-0.0,0.0,0.0,85.89320730730793,0.0,-0.0,-0.0,-3181.2299002706645,2123.2492422438627,3430.0778042336133,-0.0,0.0,0.0,4.555725233131824,0.0,-4000.0,-39.307694,-1518.575077710608
t1223,4732.443096374386,1075.837101403776,-0.0,0.0,0.0,271.0814569393734,0.0,4000.0,-39.307694,-10040.053960717534,2399.1520405216706,391.37068331251214,-0.0,0.0,0.0,77.43485461821473,0.0,-0.0,-0.0,-2867.9575784523972,1816.6277764198067,3587.614197425157,-0.0,0.0,0.0,4.107124212171405,0.0,-4000.0,-39.307694,-1369.041404057135
t1224,4732.443096374386,0.0,-0.0,0.0,0.0,27.00417854564733,0.0,4281.5442247633955,-39.59865113431832,-9001.39284854911,3242.152967016116,0.0,-0.0,0.0,0.0,7.715594119620879,0.0,-673.8576633124821,-4.146191282962143,-2571.8647065402924,2968.432736256904,1898.6141448325473,-0.0,0.0,0.0,3.6827718950466837,0.0,-3607.686561450914,-35.45245985135618,-1227.590631682228
t1225,4732.443096374386,0.0,-0.0,0.0,0.0,24.773279970094922,0.0,3531.833371164727,-31.289757477566912,-8257.75999003164,3287.4135886086265,0.0,-0.0,0.0,0.0,7.075912249585512,0.0,-930.1290759310241,-5.723008398683903,-2358.637416528504,3322.2976505379347,427.1407648058605,-0.0,0.0,0.0,3.3766320091209923,0.0,-2601.7042952337024,-25.56674907888301,-1125.5440030403308
t1226,4027.674093517527,0.0,-0.0,0.0,0.0,23.400186145739976,0.0,3778.2106506111713,-29.222881694447686,-7800.062048579991,4385.508564164088,0.0,-0.0,0.0,0.0,6.681795457620595,0.0,-2151.6860581282613,-13.239148953249453,-2227.2651525401984,2702.2211388011574,0.0,-0.0,0.0,0.0,3.1887045543943304,0.0,-1626.52459248291,-15.983732741198232,-1062.9015181314435
t1227,4636.5397885986995,0.0,-0.0,0.0,0.0,22.524194721372243,0.0,2873.254596780212,-24.25367297620129,-7508.064907124081,3228.350974153187,0.0,-0.0,0.0,0.0,6.433198711919648,0.0,-1083.7165824165174,-6.668019808707365,-2144.3995706398823,2827.550549806427,0.0,-0.0,0.0,0.0,3.070492123195301,0.0,-1789.5380143636946,-17.585653167493923,-1023.4973743984336
t1228,2214.7833691032124,0.0,-0.0,0.0,0.0,22.066496779920595,0.0,5162.177867711565,-43.528806954501235,-7355.498926640198,4066.2836166602974,0.0,-0.0,0.0,0.0,6.3028370038081745,0.0,-1959.5836273748757,-12.057158353171978,-2100.9456679360583,3254.7774497401538,979.5686900362779,-0.0,0.0,0.0,3.0098703636060553,0.0,-3202.59424033669,-31.471648601329264,-1003.2901212020184
t1229,2214.7833691032124,0.0,-0.0,0.0,0.0,22.32414131649934,0.0,5248.488851211121,-44.21592279772013,-7441.380438833113,4134.5704388956165,0.0,-0.0,0.0,0.0,6.37559702694016,0.0,-2003.4201460625222,-12.326880879980795,-2125.1990089800533,4288.318645195004,0.0,-0.0,0.0,0.0,3.0432123313801402,0.0,-3245.068705148599,-31.889041917739334,-1014.4041104600467
t1230,3749.6735541710973,0.0,-0.0,0.0,0.0,23.785137394510564,0.0,4192.699441675305,-37.77900173739091,-7928.379131503521,3195.0929983919787,0.0,-0.0,0.0,0.0,6.793967159949073,0.0,-931.4998031970663,-5.731442371837589,-2264.655719983024,4371.091979713984,0.0,-0.0,0.0,0.0,3.243264138024652,0.0,-3261.1996384782387,-32.04755936555331,-1081.0880460082174
t1231,4527.244434685103,0.0,-0.0,0.0,0.0,26.06150265298864,0.0,4174.241400796548,-40.37978713842699,-8687.167550996213,2648.785427527411,0.0,-0.0,0.0,0.0,7.442744032875935,0.0,-174.24140079654788,-1.072093138426994,-2480.914677625312,4153.211483059456,1066.688813138549,-0.0,0.0,0.0,3.5524351119298054,0.0,-4000.0,-39.307694,-1184.145037309935
t1232,4756.826415850437,0.0,-0.0,0.0,0.0,29.071397062667362,0.0,4947.212362663707,-42.64448802102274,-9690.465687555788,4395.9246350463645,0.0,-0.0,0.0,0.0,8.306769307568254,0.0,-1625.307914694661,-10.000387136521201,-2768.9231025227514,2275.97487340078,2396.1633714211894,-0.0,0.0,0.0,3.9646630771366764,0.0,-3321.9044479690456,-32.64410088450154,-1321.554359045559
t1233,6826.827362017409,0.0,-0.0,0.0,0.0,31.368980106510744,0.0,3620.4064257206646,-22.276065674335555,-10456.326702170249,6619.916529588746,0.0,-0.0,0.0,0.0,8.958577848125618,0.0,-3620.4064257206646,-22.276065674335555,-2986.192616041872,657.6726364795255,763.6722113885509,-0.0,0.0,0.0,4.276865139021293,0.0,-0.0,-0.0,-1425.6217130070977
t1234,8592.168483064983,0.0,-973.0958950523017,0.0,0.0,33.33617192109433,0.0,3491.9315335108545,-32.28298641318793,-11112.057307031442,7357.897911217934,0.0,-0.0,0.0,0.0,9.522468027398498,0.0,-4167.6213356951075,-25.64303441739314,-3174.156009132833,840.9401760016524,0.0,-0.0,0.0,0.0,4.543600881213974,0.0,675.6898021842533,-6.639951995794789,-1514.5336270713249
t1235,9648.242264210086,0.0,-1949.65564306373,0.0,0.0,35.05784364787934,0.0,3993.0934352858694,-40.79001745365805,-11685.947882626448,8366.84210137034,0.0,-0.0,0.0,0.0,10.013598183539393,0.0,-5008.174747320061,-30.814891054018428,-3337.866061179798,583.4557031591808,0.0,-0.0,0.0,0.0,4.780025743612034,0.0,1015.0813120341915,-9.975126399639628,-1593.3419145373446
t1236,9616.933349375684,0.0,-1707.020024823536,0.0,0.0,36.28847519906722,0.0,4187.834415380003,-37.87781544214317,-12096.158399689073,8420.845641574319,0.0,-0.0,0.0,0.0,10.365271628677322,0.0,-4945.689943163999,-30.430427146557715,-3455.09054289244,893.556985756594,0.0,-0.0,0.0,0.0,4.94673558248246,0.0,757.8555277839954,-7.447388295585448,-1648.9118608274864
t1237,9395.362567470667,0.0,-670.2943722733797,0.0,0.0,37.03412879904805,0.0,3612.853417359761,-30.2461416734128,-12344.709599682685,7656.095564427682,0.0,-0.0,0.0,0.0,10.580520030442775,0.0,-4114.519769502148,-25.316304808385503,-3526.840010147592,1181.4778834102483,0.0,-0.0,0.0,0.0,5.049792573784178,0.0,501.6663521423871,-4.929836865027299,-1683.2641912613924
t1238,9235.205426202367,0.0,-927.2901488082451,0.0,0.0,37.83737353073473,0.0,4293.954495407061,-27.249302753673827,-12612.457843578242,7685.184491112528,0.0,-0.0,0.0,0.0,10.807895102730228,0.0,-4068.3285910532118,-25.032094251970246,-3602.631700910076,1941.314116557606,0.0,-0.0,0.0,0.0,5.155880653065358,0.0,-225.62590435384834,-2.2172085017035843,-1718.6268843551193
t1239,9099.132065575915,0.0,-1520.0023213925963,0.0,0.0,38.32538259413681,0.0,5191.748150984214,-34.07574638273319,-12775.127531378937,8279.186220133774,0.0,-0.0,0.0,0.0,10.950383481363698,0.0,-4611.633769756744,-28.375006737161012,-3650.1278271212327,2322.454750727446,0.0,-0.0,0.0,0.0,5.225595676592991,0.0,-580.1143812274702,-5.7007396455721855,-1741.8652255309967
t1240,7793.791154787669,0.0,-0.0,0.0,0.0,38.45875153071874,0.0,5021.028042392748,-33.69410513821995,-12819.583843572917,7936.354168408977,0.0,-0.0,0.0,0.0,10.98676349292969,0.0,-4258.881881142878,-26.204553115798817,-3662.25449764323,2382.9370301457784,129.38230241196436,-0.0,0.0,0.0,5.243782204469764,0.0,-762.1461612498699,-7.489552022421135,-1747.9274014899213
t1241,8619.972492844461,0.0,-0.0,0.0,0.0,38.543622672179985,0.0,4219.728420605015,-30.370312061662272,-12847.874224059995,6697.214748421079,0.0,-0.0,0.0,0.0,11.007985166343186,0.0,-3020.3106197185475,-18.583725087812713,-3669.3283887810617,2957.917333433135,0.0,-0.0,0.0,0.0,5.255906556387614,0.0,-1199.4178008864685,-11.786586973849559,-1751.9688521292044
t1242,6407.470040015024,820.1922665908643,-0.0,0.0,0.0,342.66420253753347,0.0,5167.431053633341,-46.490802127375076,-12691.266760649387,4701.606765845709,0.0,-0.0,0.0,0.0,97.87132611541091,0.0,-1167.4310536333412,-7.183108127375077,-3624.8639302004044,2745.6827934317294,3018.1765515605794,-0.0,0.0,0.0,5.189222620839444,0.0,-4000.0,-39.307694,-1729.7408736131476
t1243,4963.647390536142,2895.8437335655512,-0.0,0.0,0.0,332.07955875243965,0.0,4147.889882295633,-40.21764839273961,-12299.242916757024,3623.1550201452173,-56.50564573745975,-0.0,0.0,0.0,94.84269015254206,0.0,-147.88988229563188,-0.909954392739616,-3512.692227871928,4090.1239268598415,1621.3541763967187,-0.0,0.0,0.0,5.031606045907404,0.0,-4000.0,-39.307694,-1677.202015302468
t1244,4732.443096374386,2895.8437335655512,-0.0,0.0,0.0,324.6321160892164,0.0,4110.4802308350545,-39.98746985618928,-12023.411707008017,3491.509419339401,-38.211731776985225,-0.0,0.0,0.0,92.74174448460602,0.0,-110.48023083505443,-0.6797758561892768,-3434.879425355778,6338.309744063393,0.0,-665.1102405368026,0.0,0.0,4.916424702687837,0.0,-4000.0,-39.307694,-1638.808234229279
t1245,4732.443096374386,0.0,-0.0,0.0,0.0,326.35075670380644,0.0,7086.570319647056,-58.29910962130728,-12087.06506310394,3860.987179797448,2603.4278411007836,-0.0,0.0,0.0,93.20558963207242,0.0,-3086.570319647055,-18.99141562130728,-3452.058875261941,7813.530797117948,0.0,-2131.265309444785,0.0,0.0,4.943704494502998,0.0,-4000.0,-39.307694,-1647.9014981676657
t1246,4732.443096374386,0.0,-0.0,0.0,0.0,91.82400187588901,0.0,6596.678105185124,-55.284842751938484,-11365.66036068346,5849.830538105085,0.0,-0.0,0.0,0.0,9.740748096794452,0.0,-2596.678105185123,-15.97714875193849,-3246.916032264817,7057.765246145433,0.0,-1473.2109209408766,0.0,0.0,4.649688960495156,0.0,-4000.0,-39.307694,-1549.8963201650517
t1247,3960.1652168857127,0.0,-0.0,0.0,0.0,30.77791322847716,0.0,6321.955778041089,-53.594498662890906,-10259.304409492386,5258.062789391583,0.0,-0.0,0.0,0.0,8.791836128448152,0.0,-2321.9557780410887,-14.286804662890908,-2930.6120428160507,7728.218742695254,0.0,-2294.764153266893,0.0,0.0,4.195025763575811,0.0,-4000.0,-39.307694,-1398.341921191937
t1248,1539.494827043381,0.0,-2172.9182257003627,0.0,0.0,27.6558676675818,0.0,9900.0,-75.60991315,-9218.6225558606,9234.509520092788,0.0,-672.5992117607549,0.0,0.0,7.90052584508134,0.0,-5900.0,-36.30221915,-2633.508615027113,6495.248892636286,0.0,-1202.820723265707,0.0,0.0,3.770673446451091,0.0,-4000.0,-39.307694,-1256.8911488170302
t1249,1539.494827043381,0.0,-2388.3814333853356,0.0,0.0,25.376471296908687,0.0,9354.587937864037,-72.25403718276047,-8458.823765636229,7796.524665250264,0.0,-0.0,0.0,0.0,7.248717304523976,0.0,-5354.587937864035,-32.94634318276047,-2416.239101507992,6239.591529638304,0.0,-1050.9185121673793,0.0,0.0,3.458471384566475,0.0,-4000.0,-39.307694,-1152.8237948554915
t1250,1539.494827043381,0.0,-2895.8437335655512,0.0,0.0,23.95487967743303,0.0,9389.824765835883,-72.47084651346977,-7984.959892477677,8425.228780267755,0.0,-728.2587217480865,0.0,0.0,6.842473842037061,0.0,-5389.824765835882,-33.163152513469775,-2280.824614012354,7175.036645039164,0.0,-2050.832848166082,0.0,0.0,3.264481753880888,0.0,-4000.0,-39.307694,-1088.1605846269626
t1251,1539.494827043381,0.0,-2895.8437335655512,0.0,0.0,23.003110448189204,0.0,9071.561879717323,-70.51260091360747,-7667.703482729735,8602.59017529138,0.0,-1316.5184273183686,0.0,0.0,6.569623755292119,0.0,-5071.561879717322,-31.204906913607484,-2189.874585097373,7533.8713567519835,0.0,-2451.975485896237,0.0,0.0,3.1371760587434716,0.0,-4000.0,-39.307694,-1045.7253529144905
t1252,1539.494827043381,0.0,-2038.4902251357637,0.0,0.0,22.633314760393834,0.0,8085.244205445301,-64.44386864870219,-7544.43825346461,6259.429518323195,0.0,-0.0,0.0,0.0,6.46654705585514,0.0,-4085.2442054453013,-25.136174648702198,-2155.515685285047,7219.1748662159025,0.0,-2154.4036320814575,0.0,0.0,3.0856475630926123,0.0,-4000.0,-39.307694,-1028.5491876975375
t1253,1539.494827043381,0.0,-301.98619817497587,0.0,0.0,22.878834848192394,0.0,6420.089124157881,-54.19830514367982,-7626.278282730799,4606.19440613321,0.0,-0.0,0.0,0.0,6.533243743726127,0.0,-2420.0891241578806,-14.890611143679823,-2177.7479145753755,7975.26251608817,0.0,-2899.4106346634717,0.0,0.0,3.1189895308666973,0.0,-4000.0,-39.307694,-1039.6631769555659
t1254,3289.518861203806,0.0,-0.0,0.0,0.0,220.04055868702687,0.0,4683.604760226791,-43.51385837588747,-8149.650321741737,2790.0901946564695,163.17681018368424,-0.0,0.0,0.0,62.86465998603477,0.0,-683.6047602267904,-4.206164375887482,-2328.3207402235103,9256.493882289535,0.0,-4109.121459264104,0.0,0.0,3.334196777408521,0.0,-4000.0,-39.307694,-1111.3989258028403
t1255,3934.9641824053747,0.0,-0.0,0.0,0.0,241.5099263645238,0.0,4812.645816282006,-44.3078374769491,-8944.812087574956,3304.337985332122,0.0,-0.0,0.0,0.0,69.003786937796,0.0,-812.6458162820063,-5.000143476949104,-2555.6958125109627,9610.234155171935,0.0,-4356.084585531325,0.0,0.0,3.6554921032315235,0.0,-4000.0,-39.307694,-1218.497367743841
t1256,4135.726380234766,0.0,-0.0,0.0,0.0,29.96557516020536,0.0,5873.669326669765,-50.836228662948926,-9988.525053401787,4730.446228120916,0.0,-0.0,0.0,0.0,8.5614293885302,0.0,-1873.6693266697644,-11.528534662948935,-2853.8097961767335,6974.801731662331,0.0,-1577.6110788202573,0.0,0.0,4.085906596315169,0.0,-4000.0,-39.307694,-1361.9688654383897
t1257,5903.475879346525,0.0,-0.0,0.0,0.0,32.54808275038288,0.0,4952.009728567355,-38.672773869969994,-10849.360916794292,5825.978328123064,0.0,-0.0,0.0,0.0,9.298124622741545,0.0,-2719.170742532239,-16.73083596638535,-3099.3748742471817,2360.8814766855726,1368.632868428793,-0.0,0.0,0.0,4.437512801932795,0.0,-2232.838986035115,-21.94193790358464,-1479.1709339775982
t1258,7042.638703706011,0.0,-0.0,0.0,0.0,34.630456828378136,0.0,4498.219662688781,-32.00321376379205,-11543.485609459378,6628.732331929209,0.0,-0.0,0.0,0.0,9.89233147831942,0.0,-3320.7485421621373,-20.432295138917446,-3297.4438261064734,1543.979143176967,1214.4854849032986,-0.0,0.0,0.0,4.72243507200225,0.0,-1177.4711205266435,-11.570918624874603,-1574.14502400075
t1259,7883.455295334935,0.0,-0.0,0.0,0.0,36.41275079906402,0.0,4244.215794583736,-26.500241029726187,-12137.583599688009,7621.456721111801,0.0,-0.0,0.0,0.0,10.401651640243314,0.0,-4139.173164200893,-25.46799513671521,-3467.2172134144375,1756.0839909518231,0.0,-0.0,0.0,0.0,4.964922110359233,0.0,-105.04263038284348,-1.0322458930109784,-1654.974036786411
t1260,7966.251691320943,0.0,-1459.539572317703,0.0,0.0,37.84343575512481,0.0,6112.68559539807,-42.76256511483002,-12614.478585041605,8332.294950826705,0.0,-0.0,0.0,0.0,10.810926770360727,0.0,-4710.480418698063,-28.983202112095054,-3603.642256786909,3130.462874976638,0.0,-0.0,0.0,0.0,5.15891174104482,0.0,-1402.205176700008,-13.77936300273496,-1719.63724701494
t1261,8299.81205321056,0.0,-1131.7259962200362,0.0,0.0,38.95585393070598,0.0,5817.175465830132,-38.93273318270351,-12985.284643568659,8691.642986863342,0.0,-0.0,0.0,0.0,11.12925187156316,0.0,-4962.487831694859,-30.533783185660184,-3709.7506238543865,2627.9314979982773,0.0,-0.0,0.0,0.0,5.310466140017935,0.0,-854.6876341352738,-8.398949997043324,-1770.1553800059783
t1262,8440.70216996538,0.0,-2365.9720897504153,0.0,0.0,40.06827210628714,0.0,7294.806913722761,-53.51456394830044,-13356.090702095713,8780.656652347128,0.0,-0.0,0.0,0.0,11.447576972765592,0.0,-4945.814047646704,-30.431190751325282,-3815.8589909218645,4188.295063302898,0.0,-0.0,0.0,0.0,5.465051626970511,0.0,-2348.992866076057,-23.08337319697516,-1821.683875656837
t1263,8315.46651062776,0.0,-2559.301014240477,0.0,0.0,40.59568562822481,0.0,7794.3324985999325,-59.1984712071739,-13531.895209408267,8617.756513820577,0.0,-0.0,0.0,0.0,11.596128686660062,0.0,-4734.843308632266,-29.13310498828468,-3865.3762288866874,4928.942006368772,0.0,-0.0,0.0,0.0,5.534766650498144,0.0,-3059.489189967667,-30.065366218889228,-1844.9222168327146
t1264,7037.821947577641,0.0,-799.5471099164106,0.0,0.0,40.84726794041345,0.0,7393.151744985239,-56.51787044906699,-13615.755980137817,8296.39173045171,0.0,-0.0,0.0,0.0,11.668888709792046,0.0,-4391.4110549099605,-27.019994320860015,-3889.629569930682,4881.706663675956,0.0,-0.0,0.0,0.0,5.568108618272229,0.0,-3001.7406900752785,-29.497876128206972,-1856.036206090743
t1265,5646.542858911641,0.0,-0.0,0.0,0.0,40.916983520899464,0.0,8015.549708623808,-64.01504408986104,-13638.994506966488,7925.27040939898,0.0,-0.0,0.0,0.0,11.690110383205543,0.0,-4015.5497086238092,-24.70735008986105,-3896.703461068514,5893.805117759836,0.0,-0.0,0.0,0.0,5.580232970190078,0.0,-4000.0,-39.307694,-1860.077656730026
t1266,6396.632338726193,1773.9782914506525,-0.0,0.0,0.0,364.02445017600877,0.0,4993.170554682587,-45.418591479561755,-13482.38704355588,4746.526730714676,0.0,-0.0,0.0,0.0,103.98316805849764,0.0,-993.1705546825874,-6.110897479561753,-3851.2284466110236,5415.028987421891,456.6148357574372,-0.0,0.0,0.0,5.513549034641907,0.0,-4000.0,-39.307694,-1837.8496782139694
t1267,4921.500774412905,2895.8437335655512,-0.0,0.0,0.0,352.94876621531785,0.0,4947.017870072077,-45.13461777259708,-13072.176526493255,3042.9188091015544,1543.1118425892453,-0.0,0.0,0.0,100.81810705225631,0.0,-947.0178700720774,-5.826923772597081,-3734.0039648983816,5816.240586728056,0.0,-0.0,0.0,0.0,5.346839195771483,0.0,-4000.0,-39.307694,-1782.2797319238273
t1268,4732.443096374386,2895.8437335655512,-0.0,0.0,0.0,344.95572335698677,0.0,4847.417131358449,-44.52178254475233,-12776.137902110619,2632.7381254168217,1771.4674702753396,-0.0,0.0,0.0,98.55345133227328,0.0,-847.4171313584494,-5.214088544752333,-3650.1278271212327,6105.972787846839,0.0,-330.02546399243624,0.0,0.0,5.225595676592991,0.0,-4000.0,-39.307694,-1741.8652255309967
t1269,4732.443096374386,2895.8437335655512,-0.0,0.0,0.0,345.5558835716054,0.0,4869.17902640746,-44.65568171139444,-12798.36605820761,4331.603831502805,99.41391274580202,-0.0,0.0,0.0,98.68987637564577,0.0,-869.1790264074606,-5.3479877113944525,-3655.1806065053984,7241.3982929144295,0.0,-1462.4289743445017,0.0,0.0,5.234688940531378,0.0,-4000.0,-39.307694,-1744.896313510459
t1270,4732.443096374386,2076.0861930216684,-0.0,0.0,0.0,325.25955631359056,0.0,4958.063971662468,-45.202583535425475,-12046.650233836688,4311.996167278017,0.0,-0.0,0.0,0.0,92.90545453665295,0.0,-958.0639716624676,-5.894889535425473,-3440.9427606167765,8106.397447558308,0.0,-2430.175949316194,0.0,0.0,4.925517966626224,0.0,-4000.0,-39.307694,-1641.8393222087411
t1271,4732.443096374386,1919.3289408162411,-0.0,0.0,0.0,294.4877053095035,0.0,4000.0,-39.307694,-10906.95204850013,2928.6964788366827,102.72760769636346,-0.0,0.0,0.0,84.11968174346582,0.0,-0.0,-0.0,-3115.543768276512,7997.584664748511,0.0,-2475.484896998116,0.0,0.0,4.461761505768493,0.0,-4000.0,-39.307694,-1487.2538352561644
t1272,2214.7833691032124,0.0,-454.8668460435206,0.0,0.0,29.423006077292477,0.0,8082.757732879493,-64.42856958565228,-9807.668692430825,6900.735716374811,0.0,-0.0,0.0,0.0,8.403782671744233,0.0,-4082.7577328794923,-25.120875585652286,-2801.260890581411,8441.857674426994,0.0,-3069.8503108809546,0.0,0.0,4.010129396828611,0.0,-4000.0,-39.307694,-1336.7097989428705
t1273,2214.7833691032124,0.0,-2895.8437335655512,0.0,0.0,27.049645228572995,0.0,9745.216672710121,-74.65754395202656,-9016.548409524332,8834.685628607778,0.0,-485.939896688147,0.0,0.0,7.727720790142875,0.0,-5745.216672710122,-35.34984995202656,-2575.906930047625,8434.553905707111,0.0,-3170.3310203480896,0.0,0.0,3.685802983026147,0.0,-4000.0,-39.307694,-1228.6009943420488
t1274,2214.7833691032124,0.0,-2480.984911946305,0.0,0.0,25.43406242861452,0.0,8787.553409898152,-68.76511994550042,-8478.020809538173,7231.038841093132,0.0,-0.0,0.0,0.0,7.263875642676473,0.0,-4787.553409898151,-29.457425945500418,-2421.2918808921577,6272.952697194116,0.0,-1081.257685007667,0.0,0.0,3.4675646485048612,0.0,-4000.0,-39.307694,-1155.8548828349537
t1275,2214.7833691032124,0.0,-83.47805464508396,0.0,0.0,24.391359833519374,0.0,6025.79770970662,-51.04110615847557,-8130.453277839792,4553.785297497048,0.0,-0.0,0.0,0.0,6.966772214887536,0.0,-2224.8056171090107,-13.689047640413948,-2322.257404962512,4943.386885425579,0.0,-0.0,0.0,0.0,3.325103513470134,0.0,-3800.9920925976085,-37.352058518061625,-1108.3678378233778
t1276,3563.835306737964,0.0,-0.0,0.0,0.0,23.83363518963127,0.0,4393.999503817724,-37.123382534895775,-7944.545063210423,3921.4102432841137,0.0,-0.0,0.0,0.0,6.80912549810157,0.0,-1648.3685918116487,-10.142277603376842,-2269.7084993671897,3852.4714619514693,0.0,-0.0,0.0,0.0,3.249326313983576,0.0,-2745.630912006076,-26.98110493151894,-1083.1087713278587
t1277,4732.443096374386,0.0,-0.0,0.0,0.0,24.024595257919042,0.0,3283.6809452674283,-31.95021759338516,-8008.198419306348,2368.193674612252,0.0,-0.0,0.0,0.0,6.863695515450557,0.0,-86.62586310185911,-0.5330018756578964,-2287.8985051501854,2941.498829789722,1374.8915656821803,-0.0,0.0,0.0,3.2735750178192746,0.0,-3197.0550821655693,-31.417215717727267,-1091.1916726064248
t1278,4732.443096374386,0.0,-0.0,0.0,0.0,25.428000204224432,0.0,3757.3233479005967,-39.1943764043953,-8476.00006807481,2272.7580684316154,0.0,-0.0,0.0,0.0,7.263875642676473,0.0,142.14454059134363,-0.8746037734784793,-2421.2918808921577,1893.6038195330345,3196.5711597762715,-0.0,0.0,0.0,3.4675646485048612,0.0,-3899.4678884919404,-38.31977263091682,-1155.8548828349537
t1279,5332.12923435644,0.0,-0.0,0.0,0.0,27.67708545294711,0.0,3900.959595787897,-35.07076461491396,-9225.69515098237,3521.401993641685,0.0,-0.0,0.0,0.0,7.906589180342337,0.0,-888.3131377024858,-5.465718338762673,-2635.529726780779,1843.3247691871277,2453.054542116855,-0.0,0.0,0.0,3.7737045344305526,0.0,-3012.6464580854113,-29.60504627615129,-1257.9015114768508
t1280,7178.207942711383,0.0,-0.0,0.0,0.0,30.629388730920006,0.0,3019.537882697597,-18.578970499900873,-10209.796243640001,5945.831720956264,0.0,-0.0,0.0,0.0,8.749392781621161,0.0,-3019.537882697597,-18.578970499900873,-2916.464260540387,570.8694065788933,817.2334994184204,-0.0,0.0,0.0,4.176839235699038,0.0,-0.0,-0.0,-1392.2797452330126
t1281,6687.141434294681,0.0,-0.0,0.0,0.0,33.17249186256194,0.0,4369.052894565659,-31.869533202252484,-11057.49728752065,6179.7006225309015,0.0,-0.0,0.0,0.0,9.476993012941008,0.0,-3011.649510574377,-18.53043398912903,-3158.997670980336,614.8954097643792,2258.785778627248,-0.0,0.0,0.0,4.522383265357739,0.0,-1357.4033839912818,-13.339099213123449,-1507.4610884525796
t1282,8031.016394109887,0.0,-0.0,0.0,0.0,35.333674857628345,0.0,3734.5197458749417,-22.97819563300923,-11777.89161920945,7111.546033943478,0.0,-0.0,0.0,0.0,10.092421541932378,0.0,-3734.5197458749417,-22.97819563300923,-3364.1405139774592,499.33208682169465,1102.3251124059748,-0.0,0.0,0.0,4.819429887345044,0.0,-0.0,-0.0,-1606.4766291150145
t1283,8845.048179804404,0.0,-0.0,0.0,0.0,37.28267999904167,0.0,3569.8110012484676,-24.58186137135715,-12427.559999680556,7295.991413910935,0.0,-0.0,0.0,0.0,10.650248385944263,0.0,-3733.586414063684,-22.972452918441103,-3550.0827953147536,723.2078347503892,803.9212068651731,-0.0,0.0,0.0,5.0831345415582625,0.0,163.77541281521627,-1.6094084529160497,-1694.3781805194208
t1284,8783.464314689596,0.0,-0.0,0.0,0.0,38.72245829168759,0.0,4110.591458478727,-25.292134230815744,-12907.486097229195,7811.331907880707,0.0,-0.0,0.0,0.0,11.059523516061676,0.0,-4110.591458478727,-25.292134230815744,-3686.507838687225,867.8400844228457,885.9241821528602,-0.0,0.0,0.0,5.277124172243849,0.0,-0.0,-0.0,-1759.0413907479497
t1285,8870.008008018789,0.0,-0.0,0.0,0.0,39.66210307215123,0.0,4337.720554004031,-26.689641044561654,-13220.701024050411,8129.52816483879,0.0,-0.0,0.0,0.0,11.329341935176119,0.0,-4337.720554004031,-26.689641044561654,-3776.447311725373,781.9259360107949,1015.153588154087,-0.0,0.0,0.0,5.407460955360729,0.0,-0.0,-0.0,-1802.4869851202427
t1286,8433.215530828775,0.0,-0.0,0.0,0.0,40.57749895505454,0.0,5085.715813472261,-33.67585823791271,-13525.832985018178,8315.934597781368,0.0,-0.0,0.0,0.0,11.590065351399062,0.0,-4436.8698474333805,-27.29969856636502,-3863.355117133021,778.6311397536849,1714.9711045671197,-0.0,0.0,0.0,5.531735562518682,0.0,-648.8459660388818,-6.376159671547689,-1843.911854172894
t1287,8104.471925067529,0.0,-0.0,0.0,0.0,40.96245020382513,0.0,5547.731604738598,-39.01591206824305,-13654.15006794171,8134.165532476731,0.0,-0.0,0.0,0.0,11.702237053727538,0.0,-4219.161925488777,-25.960159465835517,-3900.7456845758466,608.689259269631,2589.448259486117,-0.0,0.0,0.0,5.586295146149003,0.0,-1328.5696792498213,-13.05575260240753,-1862.0983820496676
t1288,9495.010718300142,0.0,-0.0,0.0,0.0,40.862423501388676,0.0,4113.367250187403,-28.432558192708875,-13620.807833796225,7163.301580695496,0.0,-0.0,0.0,0.0,11.674952045053045,0.0,-3263.247356029213,-20.078495026988232,-3891.6506816843485,937.8137248819863,1772.1356614862373,-0.0,0.0,0.0,5.571139706251691,0.0,-850.1198941581908,-8.354063165720639,-1857.046568750564
t1289,8166.790215902136,0.0,-0.0,0.0,0.0,40.68055676968603,0.0,5392.911118294837,-40.196301071315226,-13560.185589895344,7367.055377347596,0.0,-0.0,0.0,0.0,11.620382027704059,0.0,-3483.779671085799,-21.435412388147725,-3873.4606759013523,1017.6141583811935,2753.694953980594,-0.0,0.0,0.0,5.546891002415993,0.0,-1909.131447209038,-18.7608886831675,-1848.9636674719977
t1290,6293.072081966238,1305.6880806417155,-0.0,0.0,0.0,358.81396831272804,0.0,5379.628538843839,-47.79643595978022,-13289.406233804742,5082.265932475579,0.0,-0.0,0.0,0.0,102.50977759007496,0.0,-1379.6285388438387,-8.488741959780223,-3796.658429262035,1002.4604662290111,4842.992736082442,-0.0,0.0,0.0,5.434740747175889,0.0,-4000.0,-39.307694,-1811.5802490586295
t1291,4820.348895717137,2436.94386992761,-0.0,0.0,0.0,345.2830834740515,0.0,5232.578148665619,-46.89164689362044,-12788.262350890796,1734.6987264965517,3059.987563456123,-0.0,0.0,0.0,98.63530635829677,0.0,-1232.5781486656188,-7.583952893620438,-3653.159494751732,2014.1323778693877,3763.829609128698,-0.0,0.0,0.0,5.231657852551915,0.0,-4000.0,-39.307694,-1743.8859508506382
t1292,4732.443096374386,0.0,-0.0,0.0,0.0,338.0811608986268,0.0,7511.916450150493,-60.91622969658529,-12521.52447772692,1369.1649369266095,5645.138922202007,-0.0,0.0,0.0,96.5889307077097,0.0,-3511.9164501504933,-21.608535696585296,-3577.367803989248,2276.844851354734,3464.853199057065,-0.0,0.0,0.0,5.122538685291273,0.0,-4000.0,-39.307694,-1707.512895097091
t1293,4732.443096374386,2895.8437335655512,-0.0,0.0,0.0,336.2534002450153,0.0,4531.869653147758,-42.58024462844142,-12453.82963870427,1329.0729363229493,2668.165994239774,-0.0,0.0,0.0,96.0705155428943,0.0,-531.8696531477585,-3.272550628441426,-3558.1672423294185,2828.1947340284382,2904.437332236789,-0.0,0.0,0.0,5.095258893476112,0.0,-4000.0,-39.307694,-1698.4196311587039
t1294,4732.443096374386,2747.0913286778896,-0.0,0.0,0.0,317.45747352354726,0.0,4000.0,-39.307694,-11757.684204575822,1318.8167926225888,1948.5923022685279,-0.0,0.0,0.0,90.66808382534444,0.0,-0.0,-0.0,-3358.077178716461,2378.745969905547,3258.189597034757,-0.0,0.0,0.0,4.8073055354271945,0.0,-4000.0,-39.307694,-1602.4351784757314
t1295,4732.443096374386,1787.5947840781628,-0.0,0.0,0.0,290.83218400228037,0.0,4000.0,-39.307694,-10771.562370454829,1530.5488738782374,1463.5109196647804,-0.0,0.0,0.0,83.08285141383503,0.0,-0.0,-0.0,-3077.142644956853,3211.946415414683,2292.021384042569,-0.0,0.0,0.0,4.407201922138172,0.0,-4000.0,-39.307694,-1469.0673073793905
t1296,4732.443096374386,792.7069734891035,-0.0,0.0,0.0,263.2248141298194,0.0,4000.0,-39.307694,-9749.067189993308,2208.9549001993687,499.95634157764755,-0.0,0.0,0.0,75.1701988982317,0.0,-0.0,-0.0,-2784.081440675248,3731.331291802181,1632.6174191691307,-0.0,0.0,0.0,3.9858806929929127,0.0,-4000.0,-39.307694,-1328.6268976643044
t1297,4732.443096374386,0.0,-0.0,0.0,0.0,26.7677517944339,0.0,4202.576128956699,-39.20304564755324,-8922.583931477966,3114.8024339138537,0.0,-0.0,0.0,0.0,7.645865764119392,0.0,-570.3172626684997,-3.5091156363423712,-2548.621921373131,3238.3546963409917,1642.4253124553459,-0.0,0.0,0.0,3.6494299272725987,0.0,-3632.2588662881994,-35.69393001121087,-1216.4766424241996
t1298,3696.411955036941,0.0,-0.0,0.0,0.0,25.215822350571354,0.0,4727.42985005144,-43.783510581833724,-8405.274116857117,3125.783187698702,0.0,-0.0,0.0,0.0,7.203242290066486,0.0,-727.4298500514395,-4.475816581833729,-2401.080763355495,3423.1628877306666,1758.4588087373686,-0.0,0.0,0.0,3.4372537687102382,0.0,-4000.0,-39.307694,-1145.751256236746
t1299,4506.107690381592,0.0,-0.0,0.0,0.0,24.160995306696023,0.0,3553.336626810014,-29.940210266292926,-8053.665102232008,3657.4370099006906,0.0,-0.0,0.0,0.0,6.90310719464705,0.0,-1354.9673816767065,-8.337003869615168,-2301.0357315490164,3313.934538549639,0.0,-0.0,0.0,0.0,3.291761545696049,0.0,-2198.3692451333072,-21.60320639667776,-1097.2538485653495
t1300,3394.593808989307,0.0,-0.0,0.0,0.0,23.55477286768722,0.0,4475.676869046322,-42.23449500757719,-7851.590955895739,2714.2998902745157,0.0,-0.0,0.0,0.0,6.727270472078087,0.0,-475.6768690463217,-2.92680100757719,-2242.4234906926954,4044.2238900092048,1062.855270142575,-0.0,0.0,0.0,3.2129532582300286,0.0,-4000.0,-39.307694,-1070.9844194100097
t1301,3966.743573288149,0.0,-0.0,0.0,0.0,23.460808389640853,0.0,3870.171599105516,-40.10651756968908,-7820.269463213617,2097.5989250129996,0.0,-0.0,0.0,0.0,6.699985463403593,0.0,129.82840089448356,-0.7988235696890845,-2233.3284878011973,3620.0637523140676,1481.9787499785061,-0.0,0.0,0.0,3.197797818332718,0.0,-4000.0,-39.307694,-1065.932606110906
t1302,4732.443096374386,0.0,-0.0,0.0,0.0,215.5939170968973,0.0,3081.8796924320545,-44.9568134256605,-7984.959892477677,1370.4767200398271,-63.7055587480917,-0.0,0.0,0.0,61.58226457833355,0.0,918.1203075679454,-5.649119425660501,-2280.824614012354,4200.032875102873,924.1709217702085,-0.0,0.0,0.0,3.264481753880888,0.0,-4000.0,-39.307694,-1088.1605846269626
t1303,4936.215225948815,0.0,-0.0,0.0,0.0,24.839964438385884,0.0,3362.1651953111414,-43.23223956971396,-8279.98814612863,1723.6963904149895,0.0,-0.0,0.0,0.0,7.094102255368508,0.0,637.8348046888583,-3.9245455697139633,-2364.7007517895026,4782.145585553239,382.35147419349545,-0.0,0.0,0.0,3.3857252730593803,0.0,-4000.0,-39.307694,-1128.5750910197933
t1304,6104.492933214659,0.0,-0.0,0.0,0.0,26.82837403833478,0.0,2836.136571794925,-24.666532936327464,-8942.791346111593,3424.450034192727,0.0,-0.0,0.0,0.0,7.664055769902388,0.0,-872.0631001464415,-5.365733182058392,-2554.6852566341295,3198.216147043363,0.0,-0.0,0.0,0.0,3.6554921032315235,0.0,-1964.073471648484,-19.30079975426907,-1218.497367743841
t1305,6183.569026315145,0.0,-0.0,0.0,0.0,29.43513052607265,0.0,3625.651188215457,-26.94516969912447,-9811.71017535755,5171.9936890929885,0.0,-0.0,0.0,0.0,8.406814339374732,0.0,-2363.586104306588,-14.542952667530935,-2802.271446458244,2608.1743020583453,0.0,-0.0,0.0,0.0,4.013160484808074,0.0,-1262.0650839088687,-12.402217031593535,-1337.7201616026912
t1306,6612.375298127084,0.0,-0.0,0.0,0.0,31.75393135528134,0.0,3966.9002100365606,-26.385654425145475,-10584.64378509378,6464.229397598987,0.0,-0.0,0.0,0.0,9.070749550454094,0.0,-3428.620938462987,-21.09602520175624,-3023.5831834846977,1982.0383853863416,0.0,-0.0,0.0,0.0,4.328393634672152,0.0,-538.2792715735737,-5.289629223389233,-1442.7978782240507
t1307,7331.276150286294,0.0,-0.0,0.0,0.0,33.46347863328618,0.0,3813.442485133963,-23.689236291531227,-11154.492877762059,6951.892977257722,0.0,-0.0,0.0,0.0,9.55884803896449,0.0,-3752.0828854424844,-23.086260199372443,-3186.28267965483,1577.9965914047964,0.0,-0.0,0.0,0.0,4.561787409090749,0.0,-61.359599691478834,-0.6029760921587861,-1520.5958030302495
t1308,7923.737154075793,0.0,-1591.746523562101,0.0,0.0,34.560741247892125,0.0,5189.175731699368,-35.480020830245785,-11520.247082630707,7529.014029741219,0.0,-0.0,0.0,0.0,9.871109804905926,0.0,-4222.534295195689,-25.980909381794017,-3290.3699349686417,2542.5411421653553,0.0,-0.0,0.0,0.0,4.713341808063863,0.0,-966.6414365036799,-9.499111448451767,-1571.1139360212876
t1309,8278.972918543073,0.0,-2263.69589028986,0.0,0.0,35.24577260397208,0.0,5735.5241004756435,-37.456033342139115,-11748.590867990692,8523.676421822454,0.0,-0.0,0.0,0.0,10.068168200888385,0.0,-5146.025447880811,-31.663075179736627,-3356.0560669627944,2191.912152125697,0.0,-0.0,0.0,0.0,4.804274447447732,0.0,-589.4986525948318,-5.792958162402489,-1601.4248158159105
t1310,8000.80525212971,0.0,-2895.8437335655512,0.0,0.0,35.66709719908319,0.0,6798.226645094573,-49.82286116341848,-11889.032399694397,9176.298314511156,0.0,-1139.1486704498143,0.0,0.0,10.189434906108357,0.0,-4622.419407046952,-28.441369884378222,-3396.478302036119,3812.9485705601087,0.0,-0.0,0.0,0.0,4.861865119057516,0.0,-2175.8072380476206,-21.381491279040258,-1620.621706352505
t1311,7581.747468961529,0.0,-2895.8437335655512,0.0,0.0,35.87624394054123,0.0,7290.760860880711,-53.79286003681935,-11958.747980180411,9589.685357692268,0.0,-1294.1028037734884,0.0,0.0,10.250068258718345,0.0,-4859.244666202015,-29.8985364027007,-3416.689419572782,4081.243675264675,0.0,-0.0,0.0,0.0,4.892175998852139,0.0,-2431.516194678696,-23.894323634118653,-1630.7253329507128
t1312,6777.349195523753,0.0,-2895.8437335655512,0.0,0.0,35.80349724786018,0.0,8081.611641190894,-64.42151777689882,-11934.49908262006,11619.419528986296,0.0,-4114.314906378063,0.0,0.0,10.225814917674349,0.0,-4081.6116411908947,-25.113823776898823,-3408.6049725581165,5662.118856236337,0.0,-0.0,0.0,0.0,4.883082734913752,0.0,-4000.0,-39.307694,-1627.6942449712506
t1313,5219.128587996085,0.0,-2895.8437335655512,0.0,0.0,35.60647495518232,0.0,9583.596765510101,-73.66310983504727,-11868.824985060772,10040.21319734365,0.0,-1042.0172941237054,0.0,0.0,10.17124490032536,0.0,-5583.596765510102,-34.355415835047275,-3390.4149667751203,7700.619769647697,0.0,-2048.5742291297734,0.0,0.0,4.852771855119129,0.0,-4000.0,-39.307694,-1617.5906183730428
t1314,3673.2260618401515,0.0,-0.0,0.0,0.0,35.09421699421987,0.0,8054.003700942852,-64.25164837059974,-11698.072331406624,7409.822690937318,0.0,-0.0,0.0,0.0,10.022693186430892,0.0,-4054.003700942852,-24.943954370599744,-3340.8977288102974,7801.55115095551,0.0,-2171.6669050180953,0.0,0.0,4.786087919570958,0.0,-4000.0,-39.307694,-1595.362639856986
t1315,4883.276369279165,0.0,-0.0,0.0,0.0,72.30918406822042,0.0,6451.330518722479,-54.390530898262284,-11352.525541171603,5699.558542951954,0.0,-0.0,0.0,0.0,9.728621426272454,0.0,-2451.330518722479,-15.082836898262286,-3242.8738087574848,7747.27666490875,0.0,-2164.7370028478763,0.0,0.0,4.643626784536231,0.0,-4000.0,-39.307694,-1547.8755948454102
t1316,4725.52760607505,682.4842858062616,-0.0,0.0,0.0,302.3170681093023,0.0,5535.3540910932,-48.75460259113804,-11196.928448492676,4657.83656827455,0.0,-0.0,0.0,0.0,86.38433746344884,0.0,-1535.3540910931997,-9.446908591138035,-3199.4199060536607,9503.914927909835,0.0,-3942.5292288576284,0.0,0.0,4.579973936967522,0.0,-4000.0,-39.307694,-1526.6579789891741
t1317,4725.52760607505,0.0,-0.0,0.0,0.0,33.50288309182175,0.0,6463.05990898767,-54.46270088061855,-11167.627697273916,5658.968844320965,0.0,-0.0,0.0,0.0,9.570974709486489,0.0,-2463.0599089876696,-15.155006880618549,-3190.3249031621626,9388.656216054109,0.0,-3831.2998432892673,0.0,0.0,4.567849585049673,0.0,-4000.0,-39.307694,-1522.616528349891
t1318,4725.52760607505,277.3617397960928,-0.0,0.0,0.0,286.3855424121508,0.0,5365.305359512168,-47.708306604691565,-10606.87194119077,4321.552034856423,0.0,-0.0,0.0,0.0,81.80045600613381,0.0,-1365.3053595121683,-8.40061260469157,-3029.6465187456965,8016.222036552822,0.0,-2535.42286324792,0.0,0.0,4.337486898610539,0.0,-4000.0,-39.307694,-1445.828966203513
t1319,4725.52760607505,326.2446654624114,-0.0,0.0,0.0,264.69793465661076,0.0,4529.724046193746,-42.567042883720354,-9803.6272095041,3257.6269707450215,0.0,-0.0,0.0,0.0,75.60675903702361,0.0,-529.7240461937467,-3.2593488837203592,-2800.250334704578,8736.176864569072,0.0,-3365.176832594871,0.0,0.0,4.007098308849149,0.0,-4000.0,-39.307694,-1335.6994362830496
t1320,4008.062170712501,0.0,-0.0,0.0,0.0,26.834436262724868,0.0,4955.099825988401,-45.18434538867081,-8944.812087574956,3509.0052024505017,0.0,-0.0,0.0,0.0,7.667087437532888,0.0,-955.0998259884011,-5.876651388670814,-2555.6958125109627,6191.719030255951,0.0,-937.5694606153422,0.0,0.0,3.6554921032315235,0.0,-4000.0,-39.307694,-1218.497367743841
t1321,4010.773700251739,0.0,-0.0,0.0,0.0,24.79146664326519,0.0,4269.221237861758,-40.964190335032505,-8263.822214421729,2624.454286894114,0.0,-0.0,0.0,0.0,7.081975584846512,0.0,-269.2212378617576,-1.6564963350325084,-2360.65852828217,7356.213937265619,0.0,-2193.7315406625685,0.0,0.0,3.3796630971004555,0.0,-4000.0,-39.307694,-1126.5543657001517
t1322,4238.233672484096,0.0,-0.0,0.0,0.0,23.339563901839092,0.0,3560.294563276594,-42.01316571616602,-7779.854633946364,1778.5457710293251,0.0,-0.0,0.0,0.0,6.666637119468098,0.0,439.70543672340585,-2.705471716166023,-2222.2123731560328,7864.540786265482,0.0,-2767.5349418321157,0.0,0.0,3.182642378435406,0.0,-4000.0,-39.307694,-1060.880792811802
t1323,3315.6678199929356,0.0,-0.0,0.0,0.0,22.42416801893579,0.0,4177.027615456881,-40.396930490155526,-7474.722672978597,2307.015505992176,0.0,-0.0,0.0,0.0,6.405913703245153,0.0,-177.0276154568811,-1.0892364901555296,-2135.304567748384,9985.285413266769,0.0,-4929.580163278896,0.0,0.0,3.058367771277452,0.0,-4000.0,-39.307694,-1019.4559237591508
t1324,3136.0512714398187,0.0,-0.0,0.0,0.0,21.833101140902205,0.0,4160.1088383535325,-40.29283063351895,-7277.700380300735,2233.5712733168443,0.0,-0.0,0.0,0.0,6.236140315937189,0.0,-160.10883835353252,-0.9851366335189596,-2078.7134386457296,9667.462663911618,0.0,-4638.95536636346,0.0,0.0,2.9765283958319704,0.0,-4000.0,-39.307694,-992.1761319439901
t1325,3545.522419855883,0.0,-0.0,0.0,0.0,21.64820329700452,0.0,3690.111554862309,-41.21441234702393,-7216.067765668173,1746.3601357734779,0.0,-0.0,0.0,0.0,6.181570298588201,0.0,309.8884451376912,-1.906718347023935,-2060.5234328627334,9171.610898235378,0.0,-4151.162253261951,0.0,0.0,2.9522796919962717,0.0,-4000.0,-39.307694,-984.0932306654239
t1326,3621.6454704517314,0.0,-0.0,0.0,0.0,21.866443375047687,0.0,3686.5389388844173,-41.2363943619677,-7288.814458349229,1763.967510203785,0.0,-0.0,0.0,0.0,6.245235318828686,0.0,313.4610611155826,-1.9287003619676988,-2081.745106276229,7978.3330744155655,0.0,-2947.811113723725,0.0,0.0,2.9825905717908947,0.0,-4000.0,-39.307694,-994.1968572636316
t1327,2457.5502355564618,0.0,-0.0,0.0,0.0,22.130150136016518,0.0,4942.140936712131,-45.1046103991034,-7376.716712005506,3048.6258292987004,0.0,-0.0,0.0,0.0,6.3210270095911705,0.0,-942.1409367121312,-5.7969163991034005,-2107.009003197057,7443.538521406013,0.0,-2401.935913423919,0.0,0.0,3.01593253956498,0.0,-4000.0,-39.307694,-1005.31084652166
t1328,2533.6137235225765,0.0,-0.0,0.0,0.0,23.77301294573039,0.0,5412.838101450774,-45.88718934228768,-7924.337648576796,4257.205264989747,0.0,-0.0,0.0,0.0,6.790935492318573,0.0,-1988.1183064678196,-12.232729908054514,-2263.645164106191,4536.219036287379,0.0,-0.0,0.0,0.0,3.243264138024652,0.0,-3424.7197949829538,-33.65445943423317,-1081.0880460082174
t1329,4733.667085155536,0.0,-738.703927245937,0.0,0.0,26.288836067616938,0.0,4776.227212352554,-34.53385045745651,-8762.945355872313,5891.951856273648,0.0,-0.0,0.0,0.0,7.509440720746921,0.0,-3375.544937187154,-20.76945289160018,-2503.1469069156406,2605.1125906476746,0.0,-0.0,0.0,0.0,3.582745991724429,0.0,-1400.6822751653995,-13.764397565856331,-1194.2486639081428
t1330,6443.615510726857,0.0,-1227.3995750490442,0.0,0.0,28.63491690658103,0.0,4334.31499181647,-34.19354220718794,-9544.972302193675,7553.078112172242,0.0,-0.0,0.0,0.0,8.179439267087279,0.0,-4805.2117196572735,-29.56607608629605,-2726.47975569576,831.1738028116848,0.0,-0.0,0.0,0.0,3.904041317547431,0.0,470.8967278408031,-4.627466120891893,-1301.3471058491436
t1331,7711.626561520237,0.0,-2714.5020370730763,0.0,0.0,30.43539755043718,0.0,5161.135578115523,-43.562983300730465,-10145.132516812395,8885.452294329109,0.0,-59.57064318599059,0.0,0.0,8.694822764272171,0.0,-5899.999999999998,-36.30221914999999,-2898.2742547573907,647.4332641169962,0.0,-0.0,0.0,0.0,4.149559443883876,0.0,738.8644218844761,-7.260764150730472,-1383.1864812946255
t1332,7812.778440216007,0.0,-2656.2416136860215,0.0,0.0,31.832740272352485,0.0,5463.1390753518135,-40.595218036656995,-10610.913424117494,9058.352053681601,0.0,-99.47720692373552,0.0,0.0,9.095002891498089,0.0,-5900.0,-36.30221915,-3031.6676304993625,1009.9308851152142,0.0,-0.0,0.0,0.0,4.340517986590002,0.0,436.8609246481865,-4.292998886656993,-1446.8393288633338
t1333,7830.841275697392,0.0,-2646.5818090801686,0.0,0.0,32.933033999153466,0.0,5797.792107393188,-37.30660829174336,-10977.677999717824,9133.20643215737,0.0,-70.55659185163621,0.0,0.0,9.407264657439521,0.0,-5900.0,-36.30221915,-3135.754885813174,1390.6545544318992,0.0,-0.0,0.0,0.0,4.489041297583653,0.0,102.20789260681147,-1.004389141743352,-1496.3470991945512
t1334,7748.956421515103,0.0,-2895.8437335655512,0.0,0.0,33.53622532596724,0.0,6333.327918472778,-41.23505642589143,-11178.74177532241,9089.504144167831,0.0,-154.15774322104969,0.0,0.0,9.580069712377984,0.0,-5716.397372718546,-35.172527147951335,-3193.356570792662,2143.056416940697,0.0,-0.0,0.0,0.0,4.573911761008597,0.0,-616.9305457542331,-6.062529277940098,-1524.6372536695326
t1335,7221.521625458602,0.0,-2122.0992000617816,0.0,0.0,34.084856633270206,0.0,6269.1491802524215,-41.037584525777916,-11361.618877756735,8869.100602425338,0.0,-0.0,0.0,0.0,9.737716429163955,0.0,-5598.485815520215,-34.44702694630192,-3245.9054763879844,2221.4932219443986,0.0,-0.0,0.0,0.0,4.646657872515693,0.0,-670.6633647322072,-6.590557579475999,-1548.8859575052309
t1336,5781.3115430759935,0.0,-0.0,0.0,0.0,34.63955016496326,0.0,5769.824008606941,-39.258380193478175,-11546.516721654421,8064.96881396528,0.0,-0.0,0.0,0.0,9.895363145949922,0.0,-4747.200656386033,-29.209138741889763,-3298.4543819833066,2602.095182601244,0.0,-0.0,0.0,0.0,4.72243507200225,0.0,-1022.6233522209073,-10.049241451588413,-1574.14502400075
t1337,5610.068734802782,0.0,-0.0,0.0,0.0,35.19424369665632,0.0,6135.154686026785,-49.003098974116675,-11731.414565552108,6431.866674482505,0.0,-0.0,0.0,0.0,10.053009862735886,0.0,-3072.014541660957,-18.901855105654725,-3351.0032875786287,4687.847266459071,0.0,-0.0,0.0,0.0,4.798212271488807,0.0,-3063.1401443658283,-30.10124386846195,-1599.404090496269
t1338,6326.7893748648285,0.0,-0.0,0.0,0.0,174.19862831311295,0.0,5372.141408678606,-47.75036825807466,-11825.379043598474,4747.7299900918415,0.0,-0.0,0.0,0.0,10.13183322112887,0.0,-1372.1414086786065,-8.442674258074659,-3377.27774037629,4729.2962476291295,916.7053034577469,-0.0,0.0,0.0,4.834585327242356,0.0,-4000.0,-39.307694,-1611.5284424141182
t1339,4834.799164102246,1681.5425936634,-0.0,0.0,0.0,313.4745920992593,0.0,4824.735955000578,-44.38222711513822,-11610.170077750347,4055.922206544169,0.0,-0.0,0.0,0.0,89.52211346101566,0.0,-824.7359550005781,-5.074533115138224,-3315.6338318894695,5616.788935503479,0.0,-0.0,0.0,0.0,4.7466837758379485,0.0,-4000.0,-39.307694,-1582.2279252793162
t1340,4732.443096374386,0.0,-0.0,0.0,0.0,309.81907079203626,0.0,6487.129028751515,-54.61079621289222,-11474.780399705045,3451.2863647258396,2240.8764625451527,-0.0,0.0,0.0,88.5125681400594,0.0,-2487.129028751515,-15.303102212892227,-3278.243264446644,8006.298198289887,0.0,-2406.633899507712,0.0,0.0,4.69515528018709,0.0,-4000.0,-39.307694,-1565.0517600623632
t1341,4732.443096374386,0.0,-0.0,0.0,0.0,310.6920311042089,0.0,6518.782694277352,-54.805558637098954,-11507.112263118848,5820.079631703291,-87.21893866882802,-0.0,0.0,0.0,88.75813321812984,0.0,-2518.7826942773513,-15.497864637098958,-3287.338267338142,9172.000551876927,0.0,-3568.306926807387,0.0,0.0,4.707279632104938,0.0,-4000.0,-39.307694,-1569.093210701646
t1342,2214.7833691032124,0.0,-0.0,0.0,0.0,32.387433804045536,0.0,8616.3521979492,-67.7117328412773,-10795.81126801518,7718.712599067676,0.0,-0.0,0.0,0.0,9.249617940653556,0.0,-4616.352197949199,-28.404038841277295,-3083.205980217852,9073.833868852034,0.0,-3566.844074679259,0.0,0.0,4.4162951860765585,0.0,-4000.0,-39.307694,-1472.098395358853
t1343,2214.7833691032124,0.0,-0.0,0.0,0.0,29.4108816285123,0.0,7621.0204967758655,-61.58753800349141,-9803.6272095041,6435.1499244798215,0.0,-0.0,0.0,0.0,8.400751004113733,0.0,-3621.0204967758655,-22.279844003491416,-2800.250334704578,7348.734944110087,0.0,-1977.7349121358873,0.0,0.0,4.007098308849149,0.0,-4000.0,-39.307694,-1335.6994362830496
t1344,4544.743119730784,0.0,-0.0,0.0,0.0,26.734409560288412,0.0,4381.648268832189,-41.655944693790545,-8911.469853429471,2921.9500025073835,0.0,-0.0,0.0,0.0,7.636770761227895,0.0,-381.6482688321892,-2.3482506937905505,-2545.5902537426314,9355.180665912585,0.0,-4105.0604225593415,0.0,0.0,3.643367751313674,0.0,-4000.0,-39.307694,-1214.455917104558
t1345,0.0,2568.8831075102084,-0.0,0.0,0.0,19.647669248275452,0.0,4000.0,-39.307694,-6549.223082758484,0.6035897747366948,1864.3237214593155,-0.0,0.0,0.0,5.61161678405432,0.0,-0.0,-0.0,-1870.5389280181066,61.78814925264143,4866.993322683227,-0.0,0.0,0.0,2.6764506858652037,0.0,-4000.0,-39.307694,-892.1502286217344
t1346,0.0,0.0,-2654.2020880766204,0.0,0.0,18.711055580006846,0.0,8942.226369223947,-69.71681005838586,-6237.018526668949,6748.900666106555,0.0,-0.0,0.0,0.0,5.344830032570377,0.0,-4942.226369223948,-30.409116058385855,-1781.610010856792,7328.797092899972,0.0,-2441.316215409596,0.0,0.0,2.5521760787072494,0.0,-4000.0,-39.307694,-850.7253595690831
t1347,0.0,88.14631449491105,-0.0,0.0,0.0,18.268513199530418,0.0,6034.91795045235,-51.82837830332035,-6089.504399843472,3781.3877987933824,0.0,-0.0,0.0,0.0,5.217499992089404,0.0,-2034.9179504523502,-12.520684303320351,-1739.166664029801,5400.666372398874,0.0,-533.3321263453241,0.0,0.0,2.491554319118004,0.0,-4000.0,-39.307694,-830.5181063726678
t1348,0.0,719.725024133616,-0.0,0.0,0.0,18.21698429221467,0.0,5382.198336695582,-47.812247716523466,-6072.328097404889,3119.614433403804,0.0,-0.0,0.0,0.0,5.202341653936906,0.0,-1382.198336695582,-8.504553716523475,-1734.1138846456354,3500.0981692008886,1364.2140821371372,-0.0,0.0,0.0,2.4824610551796167,0.0,-4000.0,-39.307694,-827.4870183932055
t1349,0.0,1968.5117218784144,-0.0,0.0,0.0,18.774708936102773,0.0,4312.178383370078,-41.22850215033784,-6258.236312034257,2096.409517599853,0.0,-0.0,0.0,0.0,5.363020038353373,0.0,-312.17838337007805,-1.9208081503378454,-1787.6733461177907,3309.354508244909,1580.1410323891494,-0.0,0.0,0.0,2.558238254666174,0.0,-4000.0,-39.307694,-852.7460848887247
t1350,0.0,2523.8903247646736,-0.0,0.0,0.0,20.82374077995254,0.0,4438.538848902602,-42.005987796381525,-6941.246926650847,2417.9996411545267,0.0,-0.0,0.0,0.0,5.94813189103975,0.0,-438.53884890260184,-2.6982937963815243,-1982.7106303465832,2295.767586061269,2686.4024591821894,-0.0,0.0,0.0,2.8370983487767045,0.0,-4000.0,-39.307694,-945.6994495922349
t1351,0.0,2895.8437335655512,-0.0,0.0,0.0,24.536853218881486,0.0,5305.913358639836,-47.342872463772174,-8178.951072960496,1523.0301613765764,2120.3143474034923,-0.0,0.0,0.0,7.0092155617145275,0.0,-1305.9133586398355,-8.03517846377218,-2336.4051872381756,1940.0548834117706,3211.3468659010264,-0.0,0.0,0.0,3.3463211293263693,0.0,-4000.0,-39.307694,-1115.4403764421231
t1352,2027.854330043735,2213.801766250465,-0.0,0.0,0.0,26.816249589554605,0.0,4713.978261353997,-43.70074405288285,-8938.749863184868,3264.384988061904,0.0,-0.0,0.0,0.0,7.661024102271889,0.0,-713.9782613539971,-4.393050052882844,-2553.6747007572963,1223.1034922002077,4031.0460774404014,-0.0,0.0,0.0,3.6554921032315235,0.0,-4000.0,-39.307694,-1218.497367743841
t1353,4344.714027789665,0.0,-1753.4995329990966,0.0,0.0,27.843796623674532,0.0,6718.240053322127,-56.0328035115267,-9281.265541224844,5378.708687781332,0.0,-0.0,0.0,0.0,7.955095862430327,0.0,-2718.240053322127,-16.7251095115267,-2651.6986208101093,361.477598153602,4939.009223791707,-0.0,0.0,0.0,3.794922150286789,0.0,-4000.0,-39.307694,-1264.9740500955963
t1354,6000.473946916824,0.0,-2895.8437335655512,0.0,0.0,28.58641911146032,0.0,6449.9719095105465,-54.382171486507765,-9528.806370486773,6634.445813060698,0.0,-1455.129206471781,0.0,0.0,8.167312596565283,0.0,-2449.971909510547,-15.074477486507769,-2722.4375321884277,230.2480326449736,5104.488062742939,-0.0,0.0,0.0,3.897979141588507,0.0,-4000.0,-39.307694,-1299.3263805295023
t1355,6973.4586848475465,0.0,-2895.8437335655512,0.0,0.0,29.213859335834442,0.0,5680.773658665699,-49.64935733871687,-9737.953111944813,7817.777376773856,0.0,-3352.947906834622,0.0,0.0,8.346180986764747,0.0,-1680.7736586656993,-10.341663338716867,-2782.060328921582,114.59265429022796,5248.348725109242,-0.0,0.0,0.0,3.9828496050134508,0.0,-4000.0,-39.307694,-1327.6165350044837
t1356,6996.338276457303,0.0,-2895.8437335655512,0.0,0.0,29.56849946265459,0.0,5776.340819487654,-50.237374290530745,-9856.166487551529,8128.50733206193,0.0,-3534.274385445242,0.0,0.0,8.446226018571224,0.0,-1776.3408194876542,-10.929680290530749,-2815.4086728570746,194.46487200235046,5184.593812546581,-0.0,0.0,0.0,4.031347012684847,0.0,-4000.0,-39.307694,-1343.7823375616158
t1357,7095.081777088887,0.0,-2895.8437335655512,0.0,0.0,29.623059482165385,0.0,5695.2303659969975,-49.73830828070469,-9874.353160721794,8215.562028911721,0.0,-3697.9009807495017,0.0,0.0,8.461384356723721,0.0,-1695.2303659969973,-10.430614280704697,-2820.4614522412403,483.90991129035757,4897.163436402257,-0.0,0.0,0.0,4.037409188643772,0.0,-4000.0,-39.307694,-1345.8030628812573
t1358,6924.086934531755,0.0,-2895.8437335655512,0.0,0.0,29.732179521186968,0.0,5903.772578090457,-51.02145151552546,-9910.726507062322,8702.452744702303,0.0,-3964.8910991197786,0.0,0.0,8.491701033028717,0.0,-1903.7725780904566,-11.713757515525465,-2830.5670110095716,289.6223070549495,5097.495030068712,-0.0,0.0,0.0,4.055595716520545,0.0,-4000.0,-39.307694,-1351.865238840182
t1359,6154.610143024662,0.0,-2895.8437335655512,0.0,0.0,29.50181499436362,0.0,6600.981427746001,-55.311320744934775,-9833.93833145454,7735.379369122216,0.0,-2317.4770130479924,0.0,0.0,8.428036012788228,0.0,-2600.9814277460014,-16.003626744934785,-2809.345337596076,815.8988208971847,4560.137868936223,-0.0,0.0,0.0,4.0222537487464605,0.0,-4000.0,-39.307694,-1340.7512495821536
t1360,4479.583199384023,0.0,-2894.3125871741127,0.0,0.0,29.274481579735312,0.0,8208.819651083104,-65.20421829431278,-9758.160526578438,7013.467944358248,0.0,-0.0,0.0,0.0,8.361339324917243,0.0,-4208.819651083105,-25.896524294312783,-2787.1131083057476,1032.9471664971684,4333.016207617826,-0.0,0.0,0.0,3.9919428689518375,0.0,-4000.0,-39.307694,-1330.647622983946
t1361,2366.231448061722,561.9648704078281,-0.0,0.0,0.0,29.295699365100624,0.0,6864.674909110307,-56.93380524475063,-9765.233121700208,5663.067837754294,0.0,-0.0,0.0,0.0,8.367402660178241,0.0,-2864.6749091103075,-17.62611124475063,-2789.1342200594136,1749.3255874448705,3617.6451182419646,-0.0,0.0,0.0,3.9949739569313003,0.0,-4000.0,-39.307694,-1331.6579856437668
t1362,44.55499418742174,2895.84373356498,-0.0,0.0,0.0,29.589717248019898,0.0,6950.71383340665,-57.463195733773695,-9863.239082673299,1109.2280741873733,4668.61875620996,-0.0,0.0,0.0,8.452289353832224,0.0,-2950.7138334066503,-18.1555017337737,-2817.429784610741,1116.2098203369846,4263.856195783788,-0.0,0.0,0.0,4.03437810066431,0.0,-4000.0,-39.307694,-1344.7927002214367
t1363,0.0,2895.8437335655512,-0.0,0.0,0.0,30.153504116298087,0.0,7184.069817167522,-58.899016083341664,-10051.168038766029,67.73653546818724,5998.300882127324,-0.0,0.0,0.0,8.61296773824869,0.0,-3184.069817167522,-19.591322083341666,-2870.9892460828964,2428.5506884796355,2976.6986169371694,-0.0,0.0,0.0,4.110155300150867,0.0,-4000.0,-39.307694,-1370.0517667169556
t1364,0.0,2895.8437335655512,-0.0,0.0,0.0,46.4638046561614,0.0,7515.344613686766,-60.93732290742866,-10396.71482900105,0.7155730353557476,6497.372320405344,-0.0,0.0,0.0,8.910071166037628,0.0,-3515.3446136867665,-21.629628907428657,-2970.0237220125423,3555.456275076055,1897.1376142172905,-0.0,0.0,0.0,4.252616435185595,0.0,-4000.0,-39.307694,-1417.5388117285315
t1365,0.0,2895.8437335655512,-0.0,0.0,0.0,29.826143999233334,0.0,7074.603601559864,-58.22547938020431,-9942.047999744444,11.86473844584927,5912.799676353586,-0.0,0.0,0.0,8.51898604170321,0.0,-3074.603601559864,-18.917785380204315,-2839.6620139010697,6080.686381421033,0.0,-689.539718010006,0.0,0.0,4.067720068438395,0.0,-4000.0,-39.307694,-1355.906689479465
t1366,0.0,2895.8437335655512,-0.0,0.0,0.0,27.43156536514854,0.0,6273.878505911255,-53.29868312577372,-9143.85512171618,927.2933247740532,3964.0187268425498,-0.0,0.0,0.0,7.833829157210353,0.0,-2273.878505911255,-13.990989125773718,-2611.2763857367845,7222.081965088164,0.0,-1939.7271114359987,0.0,0.0,3.7403625666564677,0.0,-4000.0,-39.307694,-1246.7875222188225
t1367,0.0,2724.9134735416533,-0.0,0.0,0.0,24.48835542376078,0.0,5461.684632705919,-48.30132041774196,-8162.785141253593,3795.03660975411,0.0,-0.0,0.0,0.0,6.99405722356203,0.0,-1461.6846327059202,-8.993626417741961,-2331.35240785401,7387.790491436917,0.0,-2239.410736839645,0.0,0.0,3.3372278653879826,0.0,-4000.0,-39.307694,-1112.409288462661
t1368,0.0,0.0,-183.34082827786835,0.0,0.0,21.930096731143614,0.0,7532.485766283616,-61.042791022353136,-7310.032243714538,5635.765879518585,0.0,-0.0,0.0,0.0,6.263425324611682,0.0,-3532.485766283616,-21.735097022353138,-2087.8084415372277,8877.284030101826,0.0,-3844.747406266303,0.0,0.0,2.988652747749819,0.0,-4000.0,-39.307694,-996.217582583273
t1369,0.0,0.0,-2895.8437335655512,0.0,0.0,20.26904724825948,0.0,9706.342121074542,-74.41835200408877,-6756.3490827531605,8067.599551946903,0.0,-401.7755332912669,0.0,0.0,5.790485174253782,0.0,-5706.342121074541,-35.11065800408878,-1930.1617247512609,9406.181204026507,0.0,-4448.18711650724,0.0,0.0,2.7643522372696094,0.0,-4000.0,-39.307694,-921.4507457565365
t1370,0.0,0.0,-2005.2807965816478,0.0,0.0,19.39002471169671,0.0,8516.328638467225,-67.0962960317048,-6463.34157056557,6384.863970712119,0.0,-0.0,0.0,0.0,5.538856760922336,0.0,-4516.328638467225,-27.788602031704798,-1846.2855869741118,8919.88219682077,0.0,-4002.181372175157,0.0,0.0,2.6431087180911184,0.0,-4000.0,-39.307694,-881.036239363706
t1371,0.0,0.0,-653.7043015674815,0.0,0.0,18.908077872684707,0.0,6995.22592291582,-57.73707499278832,-6302.692624228236,4809.06344470768,0.0,-0.0,0.0,0.0,5.402431717549864,0.0,-2995.2259229158203,-18.42938099278832,-1800.8105725166213,10369.483821373904,0.0,-5473.944291308799,0.0,0.0,2.5764247825429476,0.0,-4000.0,-39.307694,-858.8082608476492
t1372,0.0,0.0,-2895.8437335655512,0.0,0.0,18.83230006780861,0.0,9225.907063685376,-71.46227425143043,-6277.433355936202,7492.561533262316,0.0,-447.1519422000592,0.0,0.0,5.378178376505869,0.0,-5225.907063685376,-32.154580251430424,-1792.7261255019564,10069.10110560866,0.0,-5176.58357025908,0.0,0.0,2.567331518604561,0.0,-4000.0,-39.307694,-855.7771728681869
t1373,0.0,0.0,-1468.5779482630128,0.0,0.0,19.350620253161136,0.0,7963.126567840673,-63.692488777108366,-6450.206751053713,5824.22799599416,0.0,-0.0,0.0,0.0,5.5267300904003385,0.0,-3963.126567840672,-24.38479477710838,-1842.2433634667793,10517.648499918692,0.0,-5599.325291874628,0.0,0.0,0.0,0.0,-4000.0,-39.307694,-879.0155140440645
t1374,0.0,0.0,-1655.248734303492,0.0,0.0,21.38146542384064,0.0,8830.049002020303,-69.02659186043726,-7127.155141280215,6888.92165721482,0.0,-0.0,0.0,0.0,6.105778607825716,0.0,-4830.049002020303,-29.71889786043726,-2035.2595359419054,10610.601864622204,0.0,-5599.325291874628,0.0,0.0,0.0,0.0,-4000.0,-39.307694,-971.9688787475748
t1375,217.95821480873877,0.0,-1675.3854222055154,0.0,0.0,25.17641789203578,0.0,9900.0,-75.60991315,-8392.13929734526,9843.123320869972,0.0,-1516.9736774913547,0.0,0.0,7.191115619544488,0.0,-5900.0,-36.30221915,-2397.0385398481626,9396.791918588628,0.0,-4217.184885264276,0.0,0.0,3.431191592751314,0.0,-4000.0,-39.307694,-1143.7305309171047
t1376,1847.2259752298635,0.0,-2582.3906754549616,0.0,0.0,27.349725335882354,0.0,9900.0,-75.60991315,-9116.575111960785,10365.846999310868,0.0,-1833.1548930457134,0.0,0.0,7.8126074837968575,0.0,-5900.0,-36.30221915,-2604.2024945989524,10007.948532446579,0.0,-4729.6230050817785,0.0,0.0,3.728238214738618,0.0,-4000.0,-39.307694,-1242.7460715795394
t1377,5315.290387656204,0.0,-2895.8437335655512,0.0,0.0,28.140845618788852,0.0,6983.280971559047,-50.58659833887255,-9380.281872929616,14108.038254421292,0.0,-6497.372320405344,0.0,0.0,8.036950888453811,0.0,-4909.511431705695,-30.20782371410346,-2678.9836294846036,8309.305830763682,0.0,-4939.875746334474,0.0,0.0,3.8373573819992606,0.0,-2073.7695398533524,-20.378774624769093,-1279.119127333087
t1378,7335.919583507383,0.0,-2895.8437335655512,0.0,0.0,0.0,0.0,5167.181473742356,-36.01538246679904,-9571.24194121739,13273.638123107372,0.0,-6497.372320405344,0.0,0.0,0.0,0.0,-4017.9897921435445,-24.722363724891167,-2733.5536468335918,8065.198548703775,0.0,-5599.325291874628,0.0,0.0,0.0,0.0,-1149.191681598811,-11.293018741907874,-1305.3885564884267
t1379,6969.84611775127,0.0,-2895.8437335655512,0.0,0.0,0.0,0.0,5750.031562263007,-38.59341011488976,-9785.440536333836,14197.821627676629,0.0,-6497.372320405344,0.0,0.0,0.0,0.0,-4875.254707071519,-29.997044879352433,-2795.1975553204124,7816.377223265062,0.0,-5599.325291874628,0.0,0.0,0.0,0.0,-874.7768551914875,-8.596365235537325,-1333.678710963408
t1380,8442.569304000372,0.0,-2895.8437335655512,0.0,0.0,0.0,0.0,4354.419981548211,-26.79239126123764,-9874.353160721794,13699.046145456034,0.0,-6497.372320405344,0.0,0.0,0.0,0.0,-4354.419981548211,-26.79239126123764,-2820.4614522412403,6945.128354755886,0.0,-5599.325291874628,0.0,0.0,0.0,0.0,-0.0,-0.0,-1345.8030628812573
t1381,8420.893901422709,0.0,-2895.8437335655512,0.0,0.0,0.0,0.0,4394.528843857053,-27.03917782215167,-9892.539833892059,13744.454573709956,0.0,-6497.372320405344,0.0,0.0,0.0,0.0,-4394.528843857053,-27.03917782215167,-2825.514231625406,6948.159442735348,0.0,-5599.325291874628,0.0,0.0,0.0,0.0,-0.0,-0.0,-1348.8341508607195
t1382,6820.526677771803,0.0,-2895.8437335655512,0.0,0.0,0.0,0.0,6066.691531381151,-39.222768526146524,-9952.151707061257,14925.150552232531,0.0,-6497.372320405344,0.0,0.0,0.0,0.0,-5550.93012960894,-34.15442068667824,-2842.693681531569,7477.072093625594,0.0,-5599.325291874628,0.0,0.0,0.0,0.0,-515.7614017722115,-5.068347839468285,-1356.9170521392857
t1383,7565.919688637047,0.0,-2895.8437335655512,0.0,0.0,0.0,0.0,5287.328241990079,-32.53249975571323,-9924.871697305862,14651.84229666804,0.0,-6497.372320405344,0.0,0.0,0.0,0.0,-5287.328241990079,-32.53249975571323,-2834.609234516904,6952.200893374632,0.0,-5599.325291874628,0.0,0.0,0.0,0.0,-0.0,-0.0,-1352.8756015000026
t1384,5765.657085658791,0.0,-2895.8437335655512,0.0,0.0,0.0,0.0,7071.015483875442,-53.34085573503254,-9887.48798023365,13743.430748723986,0.0,-6497.372320405344,0.0,0.0,0.0,0.0,-4394.515655892389,-27.03909667767992,-2824.5036757485727,9649.950667115934,0.0,-5599.325291874628,0.0,0.0,0.0,0.0,-2676.499827983053,-26.30175905735262,-1347.823788200899
t1385,3431.9387414635657,0.0,-2895.8437335655512,0.0,0.0,29.80795732606307,0.0,9442.880101801939,-72.79729167165902,-9935.985775354357,13094.431187377235,0.0,-4787.925984253475,0.0,0.0,8.51595437407271,0.0,-5442.8801018019385,-33.48959767165903,-2838.6514580242365,10993.529312694272,0.0,-5599.325291874628,0.0,0.0,0.0,0.0,-4000.0,-39.307694,-1354.8963268196442
t1386,641.8327541052915,0.0,-516.7294192890868,0.0,0.0,29.93829515044996,0.0,9900.0,-75.60991315,-9979.431716816654,8975.710076358395,0.0,-197.1820630477996,0.0,0.0,8.552334385638702,0.0,-5900.0,-36.30221915,-2850.778128546234,10999.5914886532,0.0,-5599.325291874628,0.0,0.0,0.0,0.0,-4000.0,-39.307694,-1360.9585027785688
t1387,0.0,2895.8437335655512,-0.0,0.0,0.0,30.496019794338068,0.0,7298.603913127387,-59.603735041253884,-10165.339931446022,3436.056350518037,2778.468180898938,-0.0,0.0,0.0,8.713012770055169,0.0,-3298.603913127387,-20.29604104125389,-2904.337590018389,11024.850555148718,0.0,-5599.325291874628,0.0,0.0,0.0,0.0,-4000.0,-39.307694,-1386.217569274088
t1388,0.0,2168.725331880405,-0.0,0.0,0.0,31.472037921142242,0.0,8356.595407727085,-66.11347048121901,-10490.679307047414,7370.710464494076,0.0,-0.0,0.0,0.0,8.988894524430611,0.0,-4356.595407727084,-26.805776481219024,-2996.2981748102034,11069.30651218083,0.0,-5599.325291874628,0.0,0.0,0.0,0.0,-4000.0,-39.307694,-1430.6735263062014
t1389,0.0,187.55839122435347,-0.0,0.0,0.0,30.126224106542686,0.0,9900.0,-75.60991315,-10042.074702180897,9447.93749591306,0.0,-651.2740468368161,0.0,0.0,8.60690440298769,0.0,-5900.0,-36.30221915,-2868.96813432923,11007.674389931764,0.0,-5599.325291874628,0.0,0.0,0.0,0.0,-4000.0,-39.307694,-1369.041404057135
t1390,0.0,0.0,-559.8876064344811,0.0,0.0,27.877138857820015,0.0,9900.0,-75.60991315,-9292.379619273339,10960.955581105794,0.0,-2378.8947885897096,0.0,0.0,7.961159197691326,0.0,-5900.0,-36.30221915,-2653.7197325637753,10905.627761289868,0.0,-5599.325291874628,0.0,0.0,0.0,0.0,-4000.0,-39.307694,-1266.9947754152379
t1391,0.0,0.0,-1537.0070373361955,0.0,0.0,24.936960028627297,0.0,9900.0,-75.60991315,-8312.320009542433,8581.555181294223,0.0,-278.5785947272661,0.0,0.0,7.121387264043003,0.0,-5900.0,-36.30221915,-2373.7957546810007,10771.249527533704,0.0,-5599.325291874628,0.0,0.0,0.0,0.0,-4000.0,-39.307694,-1132.6165416590761
t1392,0.0,0.0,-2371.084242270853,0.0,0.0,22.427199131130834,0.0,9900.0,-75.60991315,-7475.733043710278,10838.80347893636,0.0,-2773.602605741219,0.0,0.0,6.405913703245153,0.0,-5900.0,-36.30221915,-2135.304567748384,10658.08890963378,0.0,-5599.325291874628,0.0,0.0,0.0,0.0,-4000.0,-39.307694,-1019.4559237591508
t1393,0.0,0.0,-2895.8437335655512,0.0,0.0,20.735838526296263,0.0,9862.432835922498,-75.37876545115499,-6911.946175432087,10929.846698495778,0.0,-3063.6480105494065,0.0,0.0,5.920846882365255,0.0,-5862.432835922496,-36.07107145115499,-1973.6156274550851,10581.3013474874,0.0,-5599.325291874628,0.0,0.0,0.0,0.0,-4000.0,-39.307694,-942.6683616127726
t1394,0.0,0.0,-2895.8437335655512,0.0,0.0,19.82347375558801,0.0,9557.346438719673,-73.50159371370738,-6607.824585196003,11044.246770647185,0.0,-3570.651209423308,0.0,0.0,5.66315513377281,0.0,-5557.346438719672,-34.19389971370738,-1887.7183779242698,10539.87647843475,0.0,-5599.325291874628,0.0,0.0,0.0,0.0,-4000.0,-39.307694,-901.2434925601214
t1395,0.0,0.0,-2895.8437335655512,0.0,0.0,19.368806926331402,0.0,9405.31002815348,-72.56612607046107,-6456.268975443801,11034.713266125926,0.0,-3757.4131241071973,0.0,0.0,5.532793425661337,0.0,-5405.310028153482,-33.25843207046107,-1844.2644752204455,10518.658862578513,0.0,-5599.325291874628,0.0,0.0,0.0,0.0,-4000.0,-39.307694,-880.0258767038853
t1396,0.0,0.0,-2895.8437335655512,0.0,0.0,19.262717999504858,0.0,9369.834865688037,-72.34785028703695,-6420.905999834953,9688.931687836226,0.0,-2457.4002261583933,0.0,0.0,5.502476749356344,0.0,-5369.834865688037,-33.040156287036936,-1834.1589164521145,10513.607049279412,0.0,-5599.325291874628,0.0,0.0,0.0,0.0,-4000.0,-39.307694,-874.9740634047814
t1397,0.0,0.0,-2895.8437335655512,0.0,0.0,19.853784877538452,0.0,9567.482199424087,-73.56395822325715,-6617.928292512816,8786.154779921219,0.0,-1299.3385208557706,0.0,0.0,5.672250136664307,0.0,-5567.4821994240865,-34.25626422325714,-1890.7500455547693,10540.88684109457,0.0,-5599.325291874628,0.0,0.0,0.0,0.0,-4000.0,-39.307694,-902.253855219942
t1398,0.0,0.0,-531.9214396358833,0.0,0.0,21.848256701877425,0.0,7855.857890239371,-63.032473346224805,-7282.752233959141,5953.067492124592,0.0,-0.0,0.0,0.0,6.239171983567689,0.0,-3855.8578902393715,-23.7247793462248,-2079.723994522563,10631.81948047844,0.0,-5599.325291874628,0.0,0.0,0.0,0.0,-4000.0,-39.307694,-993.1864946038108
t1399,3.6125670962774374,2895.8437335655512,-0.0,0.0,0.0,25.549244692026196,0.0,5640.812833627272,-49.40348163906266,-8516.414897342065,3773.5236399364967,302.4957528805481,-0.0,0.0,0.0,7.297223986611966,0.0,-1640.812833627272,-10.095787639062664,-2432.4079955373218,10799.539682008686,0.0,-5599.325291874628,0.0,0.0,0.0,0.0,-4000.0,-39.307694,-1160.9066961340575
t1400,1333.0372585263744,0.0,-1707.4609777962114,0.0,0.0,27.889263306600196,0.0,9717.442208098188,-74.48664993488818,-9296.421102200064,8400.394785817565,0.0,-0.0,0.0,0.0,7.967222532952326,0.0,-5717.4422080981885,-35.178955934888194,-2655.7408443174418,9127.891067548708,0.0,-3825.3895824597157,0.0,0.0,3.8009843262457137,0.0,-4000.0,-39.307694,-1266.9947754152379
t1401,2788.901798326182,0.0,-1373.3882612540608,0.0,0.0,29.135050418763292,0.0,8333.003194948973,-65.96830951876065,-9711.683472921097,7125.317764728929,0.0,-0.0,0.0,0.0,8.321927645720749,0.0,-4333.003194948973,-26.660615518760643,-2773.9758819069166,8043.865475722581,0.0,-2684.9534226104765,0.0,0.0,3.970725253095601,0.0,-4000.0,-39.307694,-1323.5750843652006
t1402,4088.2217639539676,0.0,-2895.8437335655512,0.0,0.0,30.089850760202165,0.0,8876.796598262286,-69.31422601018508,-10029.95025340072,8967.173628957027,0.0,-1204.0393655951239,0.0,0.0,8.594777732465692,0.0,-4876.796598262286,-30.006532010185087,-2864.9259108218976,7597.905923999175,0.0,-2195.678613297894,0.0,0.0,4.10106203621248,0.0,-4000.0,-39.307694,-1367.0206787374934
t1403,4584.347645176068,0.0,-2895.8437335655512,0.0,0.0,30.93553106261945,0.0,8660.386919762444,-67.98267489576436,-10311.843687539817,10930.42496383065,0.0,-3304.429993346799,0.0,0.0,8.837311142905643,0.0,-4660.3869197624435,-28.674980895764357,-2945.770380968547,7745.874191201755,0.0,-2305.368280770504,0.0,0.0,4.216243379432048,0.0,-4000.0,-39.307694,-1405.4144598106825
t1404,5035.918532210749,0.0,-2895.8437335655512,0.0,0.0,31.296233413829693,0.0,8326.63590465136,-65.92913210049359,-10432.077804609897,10138.898115896693,0.0,-2814.451880206307,0.0,0.0,8.94038784234262,0.0,-4326.635904651362,-26.621438100493595,-2980.1292807808736,6513.446952129158,0.0,-1055.8164049766053,0.0,0.0,4.267771875082906,0.0,-4000.0,-39.307694,-1422.5906250276355
t1405,4767.384378054126,0.0,-2895.8437335655512,0.0,0.0,31.36291788212066,0.0,8619.131230337262,-67.7288320010699,-10454.305960706886,8620.598390598121,0.0,-995.8119840660427,0.0,0.0,8.958577848125618,0.0,-4619.1312303372615,-28.421138001069895,-2986.192616041872,7580.960369177978,0.0,-2120.307827309901,0.0,0.0,4.276865139021293,0.0,-4000.0,-39.307694,-1425.6217130070977
t1406,4050.8919039591005,0.0,-2895.8437335655512,0.0,0.0,31.46294458455711,0.0,9373.507527751655,-72.37044787739242,-10487.64819485237,8872.7275002911,0.0,-478.84793837627535,0.0,0.0,8.988894524430611,0.0,-5373.507527751656,-33.06275387739243,-2996.2981748102034,5940.527291590045,0.0,-475.84542343460345,0.0,0.0,4.288989490939143,0.0,-4000.0,-39.307694,-1429.6631636463808
t1407,3639.059254983473,-19.983355019643767,-0.0,0.0,0.0,31.26895340407429,0.0,6829.356106185697,-56.71649152883794,-10422.984468024764,5814.931224025459,0.0,-0.0,0.0,0.0,8.931292839451121,0.0,-2829.3561061856976,-17.408797528837944,-2977.097613150374,7178.160617229547,0.0,-1721.5374016488356,0.0,0.0,4.264740787103444,0.0,-4000.0,-39.307694,-1421.5802623678146
t1408,2601.0483093197554,0.0,-106.03409712038969,0.0,0.0,30.97190440895998,0.0,7861.046417644148,-63.064397932481405,-10323.968136319992,6825.766288239082,0.0,-0.0,0.0,0.0,8.84943781342764,0.0,-3861.0464176441487,-23.756703932481404,-2949.8126044758797,7755.554808937063,0.0,-2313.034235362131,0.0,0.0,4.222305555390972,0.0,-4000.0,-39.307694,-1407.435185130324
t1409,1312.5660449808026,2895.8437335655512,-0.0,0.0,0.0,31.15983336505271,0.0,6199.884916372652,-52.843406599820234,-10386.611121684236,1981.4168604668625,3190.094846724506,-0.0,0.0,0.0,8.90097616314613,0.0,-2199.8849163726513,-13.535712599820242,-2966.992054382043,6026.113285539838,0.0,-574.5267278183342,0.0,0.0,4.249585347206133,0.0,-4000.0,-39.307694,-1416.5284490687109
t1410,0.0,2895.8437335655512,-0.0,0.0,0.0,31.66299798943002,0.0,7688.830700247278,-62.004768658919424,-10554.33266314334,689.0250965708325,6027.947394386785,-0.0,0.0,0.0,9.0434645417796,0.0,-3688.830700247278,-22.69707465891943,-3014.4881805931996,6460.1464476434885,0.0,-986.3985953414751,0.0,0.0,4.316269282754303,0.0,-4000.0,-39.307694,-1438.7564275847676
t1411,0.0,2895.8437335655512,-0.0,0.0,0.0,32.341967121119886,0.0,7915.871740026125,-63.40173367283394,-10780.655707039961,3030.435466373867,3979.4565787654797,-0.0,0.0,0.0,9.237491270131558,0.0,-3915.871740026125,-24.09403967283394,-3079.1637567105195,6958.761111233551,0.0,-1454.7933117762987,0.0,0.0,4.407201922138172,0.0,-4000.0,-39.307694,-1469.0673073793905
t1412,0.0,2895.8437335655512,-0.0,0.0,0.0,32.657202789404465,0.0,8021.283651352018,-64.05032457215137,-10885.734263134822,3461.814437770828,3684.3638358698067,-0.0,0.0,0.0,9.328441299046538,0.0,-4021.283651352017,-24.742630572151377,-3109.480433015513,6984.586103000252,0.0,-1465.5083299653793,0.0,0.0,4.452668241830106,0.0,-4000.0,-39.307694,-1484.222747276702
t1413,0.0,2895.8437335655512,-0.0,0.0,0.0,31.30532675041482,0.0,7569.228723935207,-61.26886744623233,-10435.10891680494,6236.817956793087,326.56835773608515,-0.0,0.0,0.0,8.943419509973118,0.0,-3569.228723935207,-21.96117344623233,-2981.1398366577064,7692.905887271673,0.0,-2235.2753401191217,0.0,0.0,4.267771875082906,0.0,-4000.0,-39.307694,-1422.5906250276355
t1414,0.0,2895.8437335655512,-0.0,0.0,0.0,29.03805482852188,0.0,6811.073823245131,-56.60400213191069,-9679.351609507294,4259.5198710854065,1325.4364966700073,-0.0,0.0,0.0,8.294642637046255,0.0,-2811.073823245131,-17.296308131910695,-2764.8808790154185,7263.971997586452,0.0,-1909.0892707617115,0.0,0.0,3.9586009011777525,0.0,-4000.0,-39.307694,-1319.5336337259175
t1415,0.0,2895.8437335655512,-0.0,0.0,0.0,26.10090711152421,0.0,5828.9186109875345,-50.56088115653951,-8700.30237050807,2019.9342116126936,2297.739616960627,-0.0,0.0,0.0,7.454870703397933,0.0,-1828.9186109875345,-11.253187156539505,-2484.9569011326444,5669.342244356515,0.0,-447.4272850148271,0.0,0.0,3.55849728788873,0.0,-4000.0,-39.307694,-1186.1657626295766
t1416,0.0,2566.5459071833893,-0.0,0.0,0.0,23.475963950616073,0.0,5282.4982469277575,-47.19880118973937,-7825.321316872024,3274.4693319232765,244.56357295041943,-0.0,0.0,0.0,6.7060487986645905,0.0,-1282.498246927758,-7.89110718973937,-2235.3495995548633,6438.799218488859,0.0,-1336.7567161962866,0.0,0.0,3.197797818332718,0.0,-4000.0,-39.307694,-1065.932606110906
t1417,0.0,0.0,-1336.6544733819335,0.0,0.0,21.69366997993018,0.0,8613.880655688576,-67.69652564317835,-7231.223326643393,6701.64897094191,0.0,-0.0,0.0,0.0,6.196728636740698,0.0,-4613.880655688575,-28.38883164317836,-2065.576212246899,7904.218243853141,0.0,-2882.7622673078713,0.0,0.0,2.955310779975734,0.0,-4000.0,-39.307694,-985.1035933252447
t1418,0.0,0.0,-2470.1053257789968,0.0,0.0,20.69643406776069,0.0,9420.882187931913,-72.66194030044674,-6898.81135592023,7418.908642177472,0.0,-0.0,0.0,0.0,5.911751879473758,0.0,-5420.882187931913,-33.354246300446746,-1970.5839598245857,7611.249355977424,0.0,-2634.1159685931725,0.0,0.0,2.821942908879393,0.0,-4000.0,-39.307694,-940.6476362931311
t1419,0.0,0.0,-97.98701689871736,0.0,0.0,20.075056067776664,0.0,6826.294973384691,-56.69765662819566,-6691.685355925554,4749.920739824246,0.0,-0.0,0.0,0.0,5.735915156904794,0.0,-2826.2949733846904,-17.38996262819567,-1911.9717189682647,7302.335194448259,0.0,-2353.4070910755645,0.0,0.0,2.737072445454449,0.0,-4000.0,-39.307694,-912.3574818181497
t1420,0.0,0.0,-2895.8437335655512,0.0,0.0,19.89925156046411,0.0,9582.685840480704,-73.65750498758177,-6633.083853488036,9642.655837201268,0.0,-2136.5122934780657,0.0,0.0,5.684376807186306,0.0,-5582.685840480705,-34.34981098758178,-1894.7922690621017,8010.297279629601,0.0,-3069.4278288316364,0.0,0.0,2.712823741618751,0.0,-4000.0,-39.307694,-904.2745805395836
t1421,0.0,0.0,-2895.8437335655512,0.0,0.0,20.356949501915757,0.0,9735.735827117338,-74.59920908178306,-6785.649833971919,9413.814975784893,0.0,-1710.3562003351449,0.0,0.0,5.814738515297777,0.0,-5735.735827117337,-35.29151508178306,-1938.2461717659257,8239.310249073584,0.0,-3278.2941668387925,0.0,0.0,2.7734455012079966,0.0,-4000.0,-39.307694,-924.4818337359989
t1422,0.0,609.3048919284053,-0.0,0.0,0.0,22.442354692106054,0.0,6906.227123380825,-57.18947263265166,-7480.784897368685,5054.015080267819,0.0,-0.0,0.0,0.0,6.408945370875652,0.0,-2906.2271233808256,-17.881778632651663,-2136.3151236252174,9628.467434685292,0.0,-4571.754853125578,0.0,0.0,3.0613988592569146,0.0,-4000.0,-39.307694,-1020.4662864189715
t1423,0.0,2895.8437335655512,-0.0,0.0,0.0,26.23427604810615,0.0,5873.51595808695,-50.83528499855842,-8744.75868270205,3623.5803384261017,752.063055808287,-0.0,0.0,0.0,7.494282382594425,0.0,-1873.5159580869501,-11.52759099855842,-2498.094127531475,10830.86092446313,0.0,-5599.325291874628,0.0,0.0,0.0,0.0,-4000.0,-39.307694,-1192.2279385885013
t1424,1986.911902952591,0.0,-452.6967082609179,0.0,0.0,28.380303482197327,0.0,7961.186212487329,-63.68054992875821,-9460.101160732442,6680.6863280331,0.0,-0.0,0.0,0.0,8.109710911585795,0.0,-3961.186212487329,-24.37285592875822,-2703.2369705285982,10544.264395003778,0.0,-5218.594283762437,0.0,0.0,3.8706993497733455,0.0,-4000.0,-39.307694,-1290.2331165911153
t1425,4314.609301987353,0.0,-703.0733032163596,0.0,0.0,29.329041599246107,0.0,6188.254001909511,-52.771842531048065,-9776.347199748703,4985.507540467403,0.0,-0.0,0.0,0.0,8.376497663069738,0.0,-2188.254001909511,-13.464148531048066,-2792.165887689913,10971.301334178217,0.0,-5599.325291874628,0.0,0.0,0.0,0.0,-4000.0,-39.307694,-1332.6683483035874
t1426,6144.976630767921,0.0,-2895.8437335655512,0.0,0.0,29.962544048010315,0.0,6764.738143892938,-56.31890247321452,-9987.514682670104,7219.1175774025505,0.0,-1592.119858248194,0.0,0.0,8.5614293885302,0.0,-2764.7381438929383,-17.011208473214523,-2853.8097961767335,11000.601851313018,0.0,-5599.325291874628,0.0,0.0,0.0,0.0,-4000.0,-39.307694,-1361.9688654383897
t1427,7343.144717699939,0.0,-2895.8437335655512,0.0,0.0,30.51420646750833,0.0,5743.62302963025,-50.036064396038014,-10171.40215583611,10058.09922795542,0.0,-5407.115726471597,0.0,0.0,8.716044437685666,0.0,-1743.62302963025,-10.728370396038015,-2905.3481458952224,9202.954381137735,0.0,-3780.5804389996283,0.0,0.0,4.161683795801726,0.0,-4000.0,-39.307694,-1387.2279319339086
t1428,7322.673504154366,0.0,-2895.8437335655512,0.0,0.0,0.0,0.0,5887.01591909528,-46.45831433825809,-10267.387375345837,12550.044935409684,0.0,-6497.372320405344,0.0,0.0,0.0,0.0,-3100.959509302087,-19.079951132535733,-2932.6331545697167,9812.1123487253,0.0,-5599.325291874628,0.0,0.0,0.0,0.0,-2786.0564097931924,-27.37836320572235,-1399.3522838517579
t1429,7679.113457653741,0.0,-2895.8437335655512,0.0,0.0,0.0,0.0,5533.151538576986,-41.96129219756819,-10274.459970467607,12832.308015896067,0.0,-6497.372320405344,0.0,0.0,0.0,0.0,-3378.4833406419293,-20.78753264857753,-2935.6648222002163,9176.540258530074,0.0,-5599.325291874628,0.0,0.0,0.0,0.0,-2154.668197935057,-21.17375954899066,-1401.3730091713994
t1430,7635.762652498412,0.0,-2895.8437335655512,0.0,0.0,30.89612660408388,0.0,5575.493229817092,-47.5994073260745,-10298.70886802796,11399.456313321429,0.0,-6497.372320405344,0.0,0.0,8.825184472383643,0.0,-1957.1389037592426,-12.042116168009963,-2941.728157461215,8875.67679420172,0.0,-3822.581623698239,0.0,0.0,4.210181203473123,0.0,-3618.3543260578485,-35.55729115806453,-1403.393734491041
t1431,6930.107879692218,0.0,-2895.8437335655512,0.0,0.0,30.7051665357961,0.0,6223.072275802191,-52.9860765326204,-10235.055511932034,8943.362949466518,0.0,-3791.8447539085223,0.0,0.0,8.770614455034655,0.0,-2223.072275802191,-13.678382532620404,-2923.5381516782186,8111.973812845474,0.0,-2681.5412181326365,0.0,0.0,4.185932499637425,0.0,-4000.0,-39.307694,-1395.3108332124748
t1432,5293.614985078539,0.0,-2895.8437335655512,0.0,0.0,30.480864233362844,0.0,7794.692087186317,-62.65612514505229,-10160.288077787614,7175.01891779941,0.0,-463.36887063811184,0.0,0.0,8.70694943479417,0.0,-3794.6920871863163,-23.3484311450523,-2902.316478264723,7173.228863937078,0.0,-1752.8695849426547,0.0,0.0,4.155621619842801,0.0,-4000.0,-39.307694,-1385.207206614267
t1433,3163.404587306943,375.88468637028205,-0.0,0.0,0.0,273.5366578173591,0.0,6372.064206815575,-53.902811741303374,-10130.987326568857,5272.2086597131865,0.0,-0.0,0.0,0.0,8.682696093750174,0.0,-2372.0642068155753,-14.59511774130338,-2894.2320312500583,5249.183801587153,167.14615111990662,-0.0,0.0,0.0,4.1434972679249515,0.0,-4000.0,-39.307694,-1381.165755974984
t1434,457.5918321951421,2895.8437335655512,-0.0,0.0,0.0,272.22721734910004,0.0,6511.588038846958,-54.76129050860016,-10082.489531448151,2392.2389359365884,3006.246695646441,-0.0,0.0,0.0,8.640252746923185,0.0,-2511.5880388469577,-15.453596508600164,-2880.0842489743945,3190.2946003232782,2219.991362952733,-0.0,0.0,0.0,4.125310740048179,0.0,-4000.0,-39.307694,-1375.1035800160596
t1435,0.0,2895.8437335655512,-0.0,0.0,0.0,276.70113894898515,0.0,7134.237863060381,-58.59240413102468,-10248.190331443891,2129.669654637992,3942.650552613408,-0.0,0.0,0.0,8.782741125556655,0.0,-3134.2378630603807,-19.284710131024685,-2927.580375185551,4579.627790994948,852.8194668615723,-0.0,0.0,0.0,4.19199467559635,0.0,-4000.0,-39.307694,-1397.3315585321163
t1436,0.0,2895.8437335655512,-0.0,0.0,0.0,284.39410170000684,0.0,7413.185790506821,-60.30874799434655,-10533.11487777803,2441.664873249608,3991.9215420477635,-0.0,0.0,0.0,9.025274535996603,0.0,-3413.185790506821,-21.001053994346545,-3008.4248453322007,6201.95442441262,0.0,-731.2285668261306,0.0,0.0,4.307176018815916,0.0,-4000.0,-39.307694,-1435.7253396053054
t1437,0.0,2895.8437335655512,-0.0,0.0,0.0,273.0183376320066,0.0,7000.698961623257,-57.770750153902526,-10111.79028266691,1759.559636690491,4139.10657098776,-0.0,0.0,0.0,8.66450608796718,0.0,-3000.6989616232563,-18.463056153902524,-2888.1686959890594,6193.23723852525,0.0,-779.9292805337154,0.0,0.0,4.134404003986565,0.0,-4000.0,-39.307694,-1378.1346679955218
t1438,0.0,2895.8437335655512,-0.0,0.0,0.0,252.85841042276869,0.0,6269.697123385957,-53.27295541987823,-9365.126311954396,4903.518447070052,47.06051949512169,-0.0,0.0,0.0,8.024824217931814,0.0,-2269.6971233859563,-13.965261419878232,-2674.9414059772707,4800.599340025556,510.96812921000856,-0.0,0.0,0.0,3.828264118060874,0.0,-4000.0,-39.307694,-1276.0880393536247
t1439,0.0,705.9743441636809,-0.0,0.0,0.0,25.227946799351525,0.0,7740.435598211148,-62.32228939029194,-8409.315599783842,6158.335238876071,0.0,-0.0,0.0,0.0,7.206273957696984,0.0,-3740.435598211148,-23.01459539029194,-2402.0913192323283,5192.08371675741,0.0,-9.454688717532633,0.0,0.0,3.440284856689701,0.0,-4000.0,-39.307694,-1146.761618896567
t1440,0.0,0.0,-731.4314863569172,0.0,0.0,22.603003638443393,0.0,8308.98354745158,-65.82051858531047,-7534.334546147797,6480.5154134292725,0.0,-0.0,0.0,0.0,6.454420385333144,0.0,-4308.98354745158,-26.51282458531046,-2151.4734617777144,4292.270467979028,770.4861030117347,-0.0,0.0,0.0,3.0795853871336876,0.0,-4000.0,-39.307694,-1026.528462377896
t1441,0.0,0.0,-326.6162212362502,0.0,0.0,20.82374077995254,0.0,7306.692913106013,-59.65350599886888,-6941.246926650847,5303.801223560426,0.0,-0.0,0.0,0.0,5.94813189103975,0.0,-3306.692913106013,-20.345811998868882,-1982.7106303465832,4686.9858946317645,296.19148218353564,-0.0,0.0,0.0,2.8401294367561674,0.0,-4000.0,-39.307694,-946.7098122520557
t1442,0.0,0.0,42.585631558543554,0.0,0.0,19.79619374583261,0.0,6591.603039593466,-55.25361628697085,-6598.73124861087,4721.883569251336,0.0,-235.30195720801083,0.0,0.0,5.6540601308813105,0.0,-2591.603039593465,-15.94592228697086,-1884.6867102937704,2603.070058272161,2332.762734666597,-0.0,0.0,0.0,2.6976683017214396,0.0,-4000.0,-39.307694,-899.2227672404798
t1443,0.0,0.0,-2008.9526300420152,0.0,0.0,19.241500214139553,0.0,8470.357976838372,-66.81344229731138,-6413.833404713184,6324.505116420036,0.0,-0.0,0.0,0.0,5.496413414095345,0.0,-4470.357976838371,-27.50574829731139,-1832.1378046984482,2864.2244735421327,2046.4250301005932,-0.0,0.0,0.0,2.621891102234882,0.0,-4000.0,-39.307694,-873.9637007449606
t1444,0.0,0.0,-568.2114814925897,0.0,0.0,19.108131277557618,0.0,6976.099836475936,-57.61939374169976,-6369.377092519205,4807.955112782355,0.0,-0.0,0.0,0.0,5.457001734898852,0.0,-2976.099836475936,-18.311699741699766,-1819.0005782996175,2703.522974114824,2201.082540096854,-0.0,0.0,0.0,2.6037045743581086,0.0,-4000.0,-39.307694,-867.9015247860361
t1445,0.0,0.0,-1636.3360872263431,0.0,0.0,19.580984779984487,0.0,8208.955080689497,-65.2050515816434,-6526.994926661495,6093.734604249977,0.0,-0.0,0.0,0.0,5.593426778271324,0.0,-4208.955080689498,-25.897357581643398,-1864.475592757108,2043.21361738178,2882.5458598385653,-0.0,0.0,0.0,2.6673574219268166,0.0,-4000.0,-39.307694,-889.1191406422721
t1446,0.0,0.0,-869.0228296816742,0.0,0.0,21.436025443351436,0.0,8057.199933216085,-64.27131452728402,-7145.3418144504785,6117.362456332664,0.0,-0.0,0.0,0.0,6.123968613608713,0.0,-4057.1999332160844,-24.963620527284014,-2041.322871202904,2013.7432177199676,2996.632111535047,-0.0,0.0,0.0,2.921968812201649,0.0,-4000.0,-39.307694,-973.9896040672163
t1447,0.0,0.0,-1058.1900541555847,0.0,0.0,25.209760126181266,0.0,9509.440501811403,-73.20683238824466,-8403.253375393755,7936.209637055874,0.0,-0.0,0.0,0.0,7.2002106224359865,0.0,-5509.440501811403,-33.89913838824466,-2400.0702074786623,1945.0592762993015,3236.562420168734,-0.0,0.0,0.0,3.4372537687102382,0.0,-4000.0,-39.307694,-1145.751256236746
t1448,273.35091028499284,1083.0588931799912,-0.0,0.0,0.0,248.5481688814161,0.0,7662.371732790909,-61.841968788566234,-9205.487736348743,6306.483999924696,0.0,-0.0,0.0,0.0,7.888399174559344,0.0,-3662.3717327909085,-22.53427478856624,-2629.4663915197807,1893.7085271650758,3396.7049790618207,-0.0,0.0,0.0,3.7646112704921664,0.0,-4000.0,-39.307694,-1254.8704234973886
t1449,1376.388063681704,0.0,-0.0,0.0,0.0,28.74403694560261,0.0,8241.619581499868,-65.40603359297282,-9581.345648534203,7157.592176927303,0.0,-160.49117310455864,0.0,0.0,8.212787611022772,0.0,-4241.61958149987,-26.098339592972806,-2737.5958703409246,1397.3297103110503,3943.4503745079114,-0.0,0.0,0.0,3.91616566946528,0.0,-4000.0,-39.307694,-1305.3885564884267
t1450,2709.4253222080783,0.0,-2363.191707445434,0.0,0.0,29.40785051631726,0.0,9500.124887667094,-73.14951417363729,-9802.61683877242,8324.808767331993,0.0,-0.0,0.0,0.0,8.397719336483235,0.0,-5500.124887667094,-33.84182017363729,-2799.239778827745,1117.918520852775,4253.081511121426,-0.0,0.0,0.0,4.007098308849149,0.0,-4000.0,-39.307694,-1335.6994362830496
t1451,3265.760655034804,0.0,-2895.8437335655512,0.0,0.0,29.91101514069457,0.0,9644.548585034583,-74.0381414130081,-9970.338380231522,8911.948689716097,0.0,-392.4589115263153,0.0,0.0,8.546271050377703,0.0,-5644.548585034583,-34.730447413008115,-2848.757016792568,1114.3460376801086,4279.822620446442,-0.0,0.0,0.0,4.076813332376782,0.0,-4000.0,-39.307694,-1358.9377774589273
t1452,3854.609091728026,0.0,-2895.8437335655512,0.0,0.0,30.13834855532287,0.0,9128.072786306035,-70.86030791620894,-10046.116185107623,12249.671512275716,0.0,-4228.67735791803,0.0,0.0,8.609936070618188,0.0,-5128.072786306034,-31.55261391620894,-2869.978690206063,1049.498200063462,4355.751105353343,-0.0,0.0,0.0,4.110155300150867,0.0,-4000.0,-39.307694,-1370.0517667169556
t1453,3663.1430356253227,0.0,-2895.8437335655512,0.0,0.0,30.080757423617033,0.0,9301.466265584932,-71.92718386264343,-10026.919141205677,11072.623444567731,0.0,-2882.2065560307237,0.0,0.0,8.594777732465692,0.0,-5301.4662655849315,-32.61948986264344,-2864.9259108218976,3849.23525057791,1552.9920601233714,-0.0,0.0,0.0,4.10106203621248,0.0,-4000.0,-39.307694,-1367.0206787374934
t1454,2415.6031983775133,0.0,-0.0,0.0,0.0,30.083788535812076,0.0,7643.97127730966,-61.72875228562724,-10027.929511937358,8408.505251935127,0.0,-1885.7817832504074,0.0,0.0,8.594777732465692,0.0,-3643.9712773096603,-22.42105828562724,-2864.9259108218976,4227.238614580719,1174.9886961205625,-0.0,0.0,0.0,4.10106203621248,0.0,-4000.0,-39.307694,-1367.0206787374934
t1455,1894.18934748147,0.0,-0.0,0.0,0.0,29.780677316307674,0.0,8067.255600198132,-64.3331862266877,-9926.892438769224,7133.347678972602,0.0,-213.95365552522617,0.0,0.0,8.506859371181212,0.0,-4067.2556001981325,-25.025492226687696,-2835.6197903937373,4953.909265076667,434.2154036188357,-0.0,0.0,0.0,4.058626804500007,0.0,-4000.0,-39.307694,-1352.8756015000026
t1456,1361.937795296594,0.0,-1342.6051205264519,0.0,0.0,29.620028369970342,0.0,9900.0,-75.60991315,-9873.342789990113,9643.422962084902,0.0,-896.1281992595875,0.0,0.0,8.458352689093221,0.0,-5900.0,-36.30221915,-2819.450896364407,5595.309951382574,0.0,-214.2366036899608,0.0,0.0,4.037409188643772,0.0,-4000.0,-39.307694,-1345.8030628812573
t1457,438.3248076816625,0.0,-115.11943975640992,0.0,0.0,29.73824174557706,0.0,9633.775494318697,-73.97185546384016,-9912.747248525686,8491.522489968285,0.0,-0.0,0.0,0.0,8.494732700659215,0.0,-5633.775494318698,-34.66416146384016,-2831.577566886405,4790.841832939434,596.2755041842275,-0.0,0.0,0.0,4.055595716520545,0.0,-4000.0,-39.307694,-1351.865238840182
t1458,2.4083780641849586,0.0,-0.0,0.0,0.0,270.23577663695613,0.0,9811.15154920768,-75.0632358734236,-10008.732468035412,8511.965364891894,186.2352382326285,-0.0,0.0,0.0,8.579619394313195,0.0,-5811.15154920768,-35.755541873423596,-2859.873131437732,3535.024331974208,1865.1883155833905,-0.0,0.0,0.0,4.094999860253555,0.0,-4000.0,-39.307694,-1364.9999534178519
t1459,0.0,10.948406655052318,-0.0,0.0,0.0,274.40961812953185,0.0,9953.902737498833,-75.94157230075722,-10163.31918998266,8885.153668838722,0.0,-0.0,0.0,0.0,8.70998110242467,0.0,-5953.902737498833,-36.63387830075721,-2903.3270341415564,3641.915084676134,1779.4515258901317,-0.0,0.0,0.0,4.158652707822264,0.0,-4000.0,-39.307694,-1386.217569274088
t1460,0.0,2895.8437335655512,-0.0,0.0,0.0,273.18201769053894,0.0,7006.634023909349,-57.80726810844128,-10117.852507056998,2013.483167302179,3893.1696690351096,-0.0,0.0,0.0,8.670569423228178,0.0,-3006.6340239093497,-18.499574108441276,-2890.189807742726,3703.7037362960687,1710.6115532673082,-0.0,0.0,0.0,4.1374350919660285,0.0,-4000.0,-39.307694,-1379.1450306553427
t1461,0.0,2895.8437335655512,-0.0,0.0,0.0,261.3424934566969,0.0,6577.331185215183,-55.16580273013742,-9679.351609507294,4042.9845903975793,1306.7909399261132,-0.0,0.0,0.0,8.294642637046255,0.0,-2577.331185215183,-15.858108730137422,-2764.8808790154185,3634.411414506135,1720.471312318605,-0.0,0.0,0.0,3.9586009011777525,0.0,-4000.0,-39.307694,-1319.5336337259175
t1462,0.0,2895.8437335655512,-0.0,0.0,0.0,245.49280778881172,0.0,6002.619320511705,-51.6296474656339,-9092.326214400433,2116.885632188015,2487.3928594400627,-0.0,0.0,0.0,7.791385810383362,0.0,-2002.6193205117058,-12.321953465633905,-2597.1286034611207,3334.598030236252,1939.6981708411838,-0.0,0.0,0.0,3.7161138628207695,0.0,-4000.0,-39.307694,-1238.7046209402563
t1463,0.0,2895.8437335655512,-0.0,0.0,0.0,225.0328004722644,0.0,5260.736534749896,-47.06490314828852,-8334.548165639422,2521.7724548605006,1120.4483259190606,-0.0,0.0,0.0,7.142608937456498,0.0,-1260.7365347498962,-7.7572091482885295,-2380.869645818833,3274.6504868575385,1897.905225463926,-0.0,0.0,0.0,3.409973976895078,0.0,-4000.0,-39.307694,-1136.6579922983592
t1464,0.0,1381.6419472179748,-0.0,0.0,0.0,203.83623289232176,0.0,6015.722195399656,-51.710268386935155,-7549.490107123017,4178.181432224985,0.0,-0.0,0.0,0.0,6.469578723485641,0.0,-2015.7221953996554,-12.402574386935154,-2156.52624116188,1446.5721732691675,3619.206392437119,-0.0,0.0,0.0,3.0886786510720756,0.0,-4000.0,-39.307694,-1029.5595503573584
t1465,0.0,2274.0468377409807,-0.0,0.0,0.0,187.52278705859396,0.0,4526.264541611974,-42.54575683397834,-6945.288409577572,2507.272627110699,0.0,-0.0,0.0,0.0,5.951163558670249,0.0,-526.2645416119743,-3.238062833978337,-1983.7211862234162,1680.9602962403783,3302.2170805749215,-0.0,0.0,0.0,2.8401294367561674,0.0,-4000.0,-39.307694,-946.7098122520557
t1466,0.0,2451.025382401047,-0.0,0.0,0.0,177.92022362469496,0.0,4000.0,-39.307694,-6589.637912025738,1814.7951985982415,62.222403146242485,-0.0,0.0,0.0,5.647996795620313,0.0,-0.0,-0.0,-1882.6655985401042,1569.067988347252,3365.757473019665,-0.0,0.0,0.0,2.694637213741977,0.0,-4000.0,-39.307694,-898.212404580659
t1467,0.0,2251.4579658500747,-0.0,0.0,0.0,172.38238164433682,0.0,4000.0,-39.307694,-6384.532653494425,1869.9777946430993,-52.40412124156992,-0.0,0.0,0.0,5.469128405420851,0.0,-0.0,-0.0,-1823.0428018069501,1353.2077685501035,3553.412408805257,-0.0,0.0,0.0,2.6097667503170334,0.0,-4000.0,-39.307694,-869.9222501056777
t1468,0.0,2155.1150751013324,-0.0,0.0,0.0,169.7089406883755,0.0,4000.0,-39.307694,-6285.516321789653,1736.7621830592182,53.608336693840336,-0.0,0.0,0.0,5.387273379397367,0.0,-0.0,-0.0,-1795.7577931324558,2254.56340711532,2638.9614598061034,-0.0,0.0,0.0,2.5703626065840233,0.0,-4000.0,-39.307694,-856.7875355280077
t1469,0.0,2325.1069195945356,-0.0,0.0,0.0,18.914140097074796,0.0,4000.0,-39.307694,-6304.7133656915985,1283.6679216876835,511.7402191113881,-0.0,0.0,0.0,5.402431717549864,0.0,-0.0,-0.0,-1800.8105725166213,3704.04444994065,1192.5024116962982,-0.0,0.0,0.0,2.57945587052241,0.0,-4000.0,-39.307694,-859.81862350747
t1470,0.0,2571.9051263686674,-0.0,0.0,0.0,19.656762584860584,0.0,4000.0,-39.307694,-6552.254194953529,869.1330356183238,996.8017998249313,-0.0,0.0,0.0,5.614648451684819,0.0,-0.0,-0.0,-1871.5494838949398,5157.772600903112,0.0,-228.99112896724284,0.0,0.0,2.6764506858652037,0.0,-4000.0,-39.307694,-892.1502286217344
t1471,0.0,2895.8437335655517,-0.0,0.0,0.0,160.48869196139592,0.0,4000.0,-39.307694,-7017.024731526948,675.7950223971569,1322.1254844516413,-0.0,0.0,0.0,6.011796911280236,0.0,-0.0,-0.0,-2003.9323037600786,6565.187171690371,0.0,-1571.9364791566584,0.0,0.0,2.87044031655079,0.0,-4000.0,-39.307694,-956.8134388502633
t1472,592.4610037894998,2895.8437335655512,-0.0,0.0,0.0,22.818212604291517,0.0,4135.086790148037,-40.13887201020747,-7606.070868097172,1599.6491430659278,702.4458748779529,-0.0,0.0,0.0,6.518085405573629,0.0,-135.08679014803678,-0.8311780102074733,-2172.69513519121,5949.859117071603,0.0,-877.029230362428,0.0,0.0,3.1098962669283106,0.0,-4000.0,-39.307694,-1036.6320889761037
t1473,2590.210608030923,0.0,-0.0,0.0,0.0,-4.5692527477684335,0.0,5770.819833985864,-50.20340411669855,-8306.257785152346,4147.382387310318,0.0,-0.0,0.0,0.0,7.1183555964125045,0.0,-1770.819833985864,-10.89571011669855,-2372.785198804168,8151.827709972917,0.0,-2984.3086555106593,0.0,0.0,3.3948185369977666,0.0,-4000.0,-39.307694,-1131.6061789992555
t1474,4296.546466505966,0.0,-2582.905588978808,0.0,0.0,26.397956106638528,0.0,7117.770953155477,-58.49108457643297,-8799.318702212842,5642.66705201883,0.0,-0.0,0.0,0.0,7.539757397051914,0.0,-3117.7709531554774,-19.18339057643297,-2513.2524656839714,8633.68779977807,0.0,-3398.6775300024447,0.0,0.0,3.59790143162174,0.0,-4000.0,-39.307694,-1199.3004772072466
t1475,4968.483946413569,0.0,-2392.0772274928404,0.0,0.0,27.146640818814404,0.0,6500.0170080980315,-54.69009489944102,-9048.880272938135,5092.646336137777,0.0,-0.0,0.0,0.0,7.755005798817368,0.0,-2500.0170080980315,-15.382400899441025,-2585.001932939123,8602.805612248101,0.0,-3333.546069029873,0.0,0.0,3.700958422923458,0.0,-4000.0,-39.307694,-1233.6528076411525
t1476,4681.88695677556,0.0,-2240.884511477646,0.0,0.0,27.28910309198147,0.0,6683.897646418014,-55.82149748075185,-9096.367697327158,5290.756191758705,0.0,-0.0,0.0,0.0,7.794417478013862,0.0,-2683.8976464180137,-16.513803480751857,-2598.139159337954,7940.119610162048,0.0,-2664.8160775127712,0.0,0.0,3.719144950800232,0.0,-4000.0,-39.307694,-1239.7149836000772
t1477,4067.7505504083947,0.0,-1917.0739076215427,0.0,0.0,27.110267472473872,0.0,6916.219871093551,-57.250957194919124,-9036.755824157957,5508.387488801169,0.0,-0.0,0.0,0.0,7.745910795925871,0.0,-2916.2198710935513,-17.943263194919126,-2581.9702653086238,6445.099881922157,0.0,-1177.85500184761,0.0,0.0,3.6948962469645332,0.0,-4000.0,-39.307694,-1231.632082321511
t1478,3808.8499085085123,0.0,-1406.9392087386643,0.0,0.0,26.673787316387532,0.0,6517.475467084328,-54.797515374719296,-8891.262438795844,5065.881150394437,0.0,-0.0,0.0,0.0,7.621612423075398,0.0,-2517.475467084327,-15.489821374719298,-2540.5374743584657,6856.785139956087,0.0,-1608.679559746525,0.0,0.0,3.63730557535475,0.0,-4000.0,-39.307694,-1212.4351917849165
t1479,3687.226816267172,0.0,-745.4820533452541,0.0,0.0,26.328240526152516,0.0,5858.7516131233915,-50.74444118729176,-8776.080175384172,4368.848399133185,0.0,-0.0,0.0,0.0,7.51853572363842,0.0,-1858.7516131233922,-11.436747187291763,-2506.1785745461398,5281.665933902734,0.0,-49.677658842633754,0.0,0.0,3.5888081676833528,0.0,-4000.0,-39.307694,-1196.2693892277844
t1480,3683.879029821716,0.0,-0.0,0.0,0.0,26.12515600908456,0.0,5044.113187880523,-45.732037349804045,-8708.38533636152,3530.054610077978,0.0,-0.0,0.0,0.0,7.460934038658931,0.0,-1044.1131878805227,-6.424343349804044,-2486.9780128863104,6748.067847664436,0.0,-1525.145556750907,0.0,0.0,3.5615283758681926,0.0,-4000.0,-39.307694,-1187.1761252893975
t1481,2458.2239986500376,2344.938384880788,-0.0,0.0,0.0,26.37067609688313,0.0,4000.0,-39.307694,-8790.22536562771,2467.937237680086,34.75289797922532,-0.0,0.0,0.0,7.530662394160417,0.0,-0.0,-0.0,-2510.220798053472,6577.012802724152,0.0,-1343.0098645203684,0.0,0.0,3.5948703436422775,0.0,-4000.0,-39.307694,-1198.290114547426
t1482,1817.5954335768388,2895.8437335655512,-0.0,0.0,0.0,242.71024679376126,0.0,4072.8750742251723,-39.75608839238894,-8989.268399768935,1168.7935059675647,1464.648978233858,-0.0,0.0,0.0,7.70346744909888,0.0,-72.87507422517243,-0.4483943923889366,-2567.82248303296,6835.060782316886,0.0,-1573.8598916733872,0.0,0.0,3.67670971908776,0.0,-4000.0,-39.307694,-1225.5699063625864
t1483,1817.5954335768388,2895.8437335655512,-0.0,0.0,0.0,250.73056966184777,0.0,4363.693126243801,-41.54546816478832,-9286.31739488325,1283.8499858993114,1726.8319636661597,-0.0,0.0,0.0,7.958127530060827,0.0,-363.69312624380126,-2.2377741647883203,-2652.709176686942,6794.156435179865,0.0,-1492.6622816627155,0.0,0.0,3.7979532382662513,0.0,-4000.0,-39.307694,-1265.984412755417
t1484,1817.5954335768388,2895.8437335655512,-0.0,0.0,0.0,252.88569043252406,0.0,4441.838113010714,-42.026287899548706,-9366.136682686078,1199.9717241141252,1912.509088764679,-0.0,0.0,0.0,8.027855885562312,0.0,-441.8381130107137,-2.718593899548711,-2675.951961854104,3020.2038154580923,2292.3709853493124,-0.0,0.0,0.0,3.831295206040336,0.0,-4000.0,-39.307694,-1277.0984020134454
t1485,1817.5954335768388,2895.843733565554,-0.0,0.0,0.0,244.42888740835122,0.0,4135.193228229161,-40.13952691504592,-9052.92175586486,1412.150853744491,1302.1286587492243,-0.0,0.0,0.0,7.7580374664478695,0.0,-135.19322822916098,-0.8318329150459277,-2586.012488815956,3283.3571366092515,1986.909738180819,-0.0,0.0,0.0,3.7039895109029204,0.0,-4000.0,-39.307694,-1234.6631703009734
t1486,1817.5954335768388,2777.0476487203237,-0.0,0.0,0.0,25.743235872509015,0.0,4000.0,-39.307694,-8581.078624169671,1156.5535071169497,1286.692700199407,-0.0,0.0,0.0,7.351794003960954,0.0,-0.0,-0.0,-2450.598001320318,4124.814694607869,1080.9829595843587,-0.0,0.0,0.0,3.5099998802173333,0.0,-4000.0,-39.307694,-1169.9999600724445
t1487,1817.5954335768388,2148.467726160871,-0.0,0.0,0.0,23.851821862801533,0.0,4000.0,-39.307694,-7950.607287600511,1314.5606560345664,949.3462420437241,-0.0,0.0,0.0,6.812157165732067,0.0,-0.0,-0.0,-2270.7190552440225,4485.298325128617,634.8761454570999,-0.0,0.0,0.0,3.2523574019630384,0.0,-4000.0,-39.307694,-1084.1191339876796
t1488,1817.5954335768388,1458.4400868127543,-0.0,0.0,0.0,21.77551000919637,0.0,4000.0,-39.307694,-7258.5033363987895,1316.6959640463767,750.7437132374026,-0.0,0.0,0.0,6.2209819777846915,0.0,-0.0,-0.0,-2073.660659261564,3761.008569741427,1264.4767330912075,-0.0,0.0,0.0,2.967435131893583,0.0,-4000.0,-39.307694,-989.1450439645278
t1489,1817.5954335768388,920.5207300070683,-0.0,0.0,0.0,20.15689609704285,0.0,4000.0,-39.307694,-6718.9653656809505,1341.6364391167358,571.6520341590427,-0.0,0.0,0.0,5.757136830318291,0.0,-0.0,-0.0,-1919.0456101060965,3780.413130996691,1172.5442986633693,-0.0,0.0,0.0,2.749196797372298,0.0,-4000.0,-39.307694,-916.3989324574328
t1490,1817.5954335768388,425.01471577592775,-0.0,0.0,0.0,172.1368615565509,0.0,3999.999999999975,-39.307694,-6375.439316909293,1161.6494397713325,653.9091852117667,-0.0,0.0,0.0,5.4630650701598515,0.0,2.4794402642136504e-11,-0.0,-1821.021690053284,2829.3832787287956,2076.2295670547237,-0.0,0.0,0.0,2.606735662337571,0.0,-4000.0,-39.307694,-868.9118874458569
t1491,1817.5954335768388,234.29511572226983,-0.0,0.0,0.0,166.84453966400403,0.0,4000.0,-39.307694,-6179.4273949631115,1173.6025554064622,586.5422380705177,-0.0,0.0,0.0,5.296323350482386,0.0,-0.0,-0.0,-1765.441116827462,1996.7788444915248,2881.636048852279,-0.0,0.0,0.0,2.524896286892089,0.0,-4000.0,-39.307694,-841.6320956306962
t1492,1817.5954335768388,280.8600716332674,-0.0,0.0,0.0,18.23213985318989,0.0,4000.0,-39.307694,-6077.379951063296,1149.9183757436842,581.0082156664196,-0.0,0.0,0.0,5.208404989197905,0.0,-0.0,-0.0,-1736.1349963993016,2922.3062112173043,1943.013371692563,-0.0,0.0,0.0,2.485492143159079,0.0,-4000.0,-39.307694,-828.4973810530263
t1493,1817.5954335768388,136.96913425163416,-0.0,0.0,0.0,164.14381869821977,0.0,3999.999999999966,-39.307694,-6079.4006925266585,1166.5912274674731,564.3353639425968,-0.0,0.0,0.0,5.208404989197905,0.0,3.40092537465253e-11,-0.0,-1736.1349963993016,3256.726510634578,1608.5930722752892,-0.0,0.0,0.0,2.485492143159079,0.0,-4000.0,-39.307694,-828.4973810530263
t1494,1817.5954335768388,281.4834703747676,-0.0,0.0,0.0,168.15398013226303,0.0,3999.999999999946,-39.307694,-6227.925190083816,1149.0570117013283,624.1855964952313,-0.0,0.0,0.0,5.335735029678879,0.0,5.404877934100938e-11,-0.0,-1778.5783432262926,2200.3344464072966,2685.1317679393965,-0.0,0.0,0.0,2.546113902748325,0.0,-4000.0,-39.307694,-848.7046342494416
t1495,1817.5954335768388,753.3023531723421,-0.0,0.0,0.0,19.65373147266554,0.0,4000.0,-39.307694,-6551.243824221847,1138.6255246114902,727.3093108317647,-0.0,0.0,0.0,5.614648451684819,0.0,-0.0,-0.0,-1871.5494838949398,2051.536268436751,2877.2452034991184,-0.0,0.0,0.0,2.6764506858652037,0.0,-4000.0,-39.307694,-892.1502286217344
t1496,2234.244838680837,607.0675603248494,-0.0,0.0,0.0,188.7503874975873,0.0,3999.9999999999586,-39.307694,-6990.755092503233,1848.9410467674652,141.92679061687355,-0.0,0.0,0.0,5.990575237866741,0.0,4.128121455782008e-11,-0.0,-1996.8584126222468,1660.003542247322,3330.2251555708663,-0.0,0.0,0.0,2.8613470526124027,0.0,-4000.0,-39.307694,-953.782350870801
t1497,2489.0732018229965,170.49541611198214,-0.0,0.0,0.0,23.069794916480173,0.0,5053.080438084746,-45.78721210947966,-7689.931638826724,3249.9175870007243,0.0,-0.0,0.0,0.0,6.590845428705615,0.0,-1053.0804380847455,-6.479518109479665,-2196.948476235205,2449.2142772135144,2635.7035883577564,-0.0,0.0,0.0,3.1462693226818588,0.0,-4000.0,-39.307694,-1048.756440893953
t1498,2274.7130816226936,0.0,-269.7532403303353,0.0,0.0,24.906648906676857,0.0,6325.9690037401215,-53.61919171353915,-8302.216302225619,4704.939820452212,0.0,-0.0,0.0,0.0,7.115323928782004,0.0,-2325.9690037401215,-14.31149771353916,-2371.7746429273348,2404.0357212605327,2763.4833332017247,-0.0,0.0,0.0,3.3948185369977666,0.0,-4000.0,-39.307694,-1131.6061789992555
t1499,3863.038414952673,0.0,-1976.4748167563741,0.0,0.0,26.06150265298864,0.0,6831.270722151762,-56.72827200483594,-8687.167550996213,5322.163233749033,0.0,-0.0,0.0,0.0,7.442744032875935,0.0,-2831.2707221517617,-17.420578004835935,-2480.914677625312,2525.477746265417,2694.422549932588,-0.0,0.0,0.0,3.5524351119298054,0.0,-4000.0,-39.307694,-1184.145037309935
t1500,4507.27954712215,0.0,-2895.8437335655512,0.0,0.0,26.695005101752848,0.0,7319.939224734006,-59.73500947474152,-8898.335033917614,6308.282549136794,0.0,-433.9926227834536,0.0,0.0,7.624644090705897,0.0,-3319.9392247340056,-20.427315474741523,-2541.548030235299,2560.675431771833,2688.43748000957,-0.0,0.0,0.0,3.6403366633342125,0.0,-4000.0,-39.307694,-1213.4455544447374
t1501,4451.886851645896,0.0,-2895.8437335655512,0.0,0.0,26.979929648086983,0.0,7470.951007634698,-60.664172667469174,-8993.309882695661,6847.102602172949,0.0,-793.6685760777191,0.0,0.0,7.70649911672938,0.0,-3470.951007634698,-21.356478667469176,-2568.8330389097932,1893.9642592721805,3367.2366313713183,-0.0,0.0,0.0,3.67670971908776,0.0,-4000.0,-39.307694,-1225.5699063625864
t1502,4695.133036128576,0.0,-2895.8437335655512,0.0,0.0,26.704098438337972,0.0,7133.963460867994,-58.5907157566987,-8901.366146112658,7683.629043537977,0.0,-1995.4516505594877,0.0,0.0,7.627675758336396,0.0,-3133.9634608679935,-19.2830217566987,-2542.558586112132,2553.220939286566,2696.899304066678,-0.0,0.0,0.0,3.643367751313674,0.0,-4000.0,-39.307694,-1214.455917104558
t1503,5074.452581237708,0.0,-2895.8437335655512,0.0,0.0,26.516169482245243,0.0,6689.4538278060145,-55.85568421200343,-8838.723160748414,6970.604104267132,0.0,-1747.806811660966,0.0,0.0,7.573105740987407,0.0,-2689.453827806014,-16.547990212003434,-2524.368580329136,2328.0267623412383,2912.020165293593,-0.0,0.0,0.0,3.6130568715190523,0.0,-4000.0,-39.307694,-1204.3522905063505
t1504,4368.7978084315155,0.0,-2509.479321376494,0.0,0.0,26.349458311517818,0.0,6954.974234775573,-57.48940963617397,-8783.15277050594,5474.838561861858,0.0,-0.0,0.0,0.0,7.527630726529917,0.0,-2954.9742347755737,-18.18171563617397,-2509.210242176639,3136.557077025218,2096.438529606724,-0.0,0.0,0.0,3.591839255662815,0.0,-4000.0,-39.307694,-1197.279751887605
t1505,2387.9068506393864,392.50353526324756,-0.0,0.0,0.0,26.72228511150824,0.0,6152.849702249291,-52.55400276068915,-8907.428370502746,4703.041969782183,0.0,-0.0,0.0,0.0,7.633739093597395,0.0,-2152.849702249292,-13.246308760689159,-2544.579697865798,3030.6779426988724,2219.442300654372,-0.0,0.0,0.0,3.643367751313674,0.0,-4000.0,-39.307694,-1214.455917104558
t1506,110.7853909525081,2895.843733566286,-0.0,0.0,0.0,46.623082712011424,0.0,6097.348741431822,-52.212509872107574,-9098.38843879052,550.676527117371,4150.929296255701,-0.0,0.0,0.0,7.79744914564436,0.0,-2097.348741431823,-12.90481587210758,-2599.1497152147867,3136.962731825535,2138.340800823742,-0.0,0.0,0.0,3.719144950800232,0.0,-4000.0,-39.307694,-1239.7149836000772
t1507,0.0,2895.8437335655512,-0.0,0.0,0.0,255.61369140806372,0.0,6369.604005201879,-53.88767432128073,-9467.173755854212,1167.8457427340772,3912.473026615297,-0.0,0.0,0.0,8.112742579216293,0.0,-2369.6040052018784,-14.579980321280733,-2704.2475264054315,3593.5839702974213,1732.0861409439208,-0.0,0.0,0.0,3.8706993497733455,0.0,-4000.0,-39.307694,-1290.2331165911153
t1508,0.0,2895.8437335655512,-0.0,0.0,0.0,261.5607335347401,0.0,6585.244601596644,-55.214493336189115,-9687.434575360745,1593.8638178837048,3765.8888678459057,-0.0,0.0,0.0,8.300705972307254,0.0,-2585.2446015966434,-15.906799336189117,-2766.901990769085,7145.745652778783,0.0,-1788.848262810361,0.0,0.0,3.9646630771366764,0.0,-4000.0,-39.307694,-1321.554359045559
t1509,0.0,222.45976371423558,-0.0,0.0,0.0,27.904418867575416,0.0,9121.931293085561,-70.82251980895506,-9301.472955858471,7802.227264888208,0.0,-0.0,0.0,0.0,7.970254200582824,0.0,-5121.931293085561,-31.514825808955074,-2656.751400194275,8449.179657437237,0.0,-3145.670840776403,0.0,0.0,3.8040154142251756,0.0,-4000.0,-39.307694,-1268.0051380750585
t1510,0.0,0.0,-1247.9005665436257,0.0,0.0,25.806889228604938,0.0,9900.0,-75.60991315,-8602.29640953498,10627.025887683596,0.0,-2241.4323159620226,0.0,0.0,7.369984009743951,0.0,-5900.0,-36.30221915,-2456.661336581317,6636.685999250933,0.0,-1427.866350343182,0.0,0.0,3.5190931441557205,0.0,-4000.0,-39.307694,-1173.0310480519067
t1511,0.0,0.0,-2035.6401489819139,0.0,0.0,23.4365594920805,0.0,9900.0,-75.60991315,-7812.186497360167,10082.430607984905,0.0,-1920.507410706314,0.0,0.0,6.696953795773092,0.0,-5900.0,-36.30221915,-2232.317931924364,4472.672314377197,628.3628563435344,-0.0,0.0,0.0,3.194766730353255,0.0,-4000.0,-39.307694,-1064.922243451085
t1512,0.0,0.0,-2768.983391967942,0.0,0.0,21.22990981408844,0.0,9900.0,-75.60991315,-7076.636604696147,8305.167604813103,0.0,-353.8169672578597,0.0,0.0,6.063335260998725,0.0,-5900.0,-36.30221915,-2021.1117536662418,4273.9349714781665,726.3670420584351,-0.0,0.0,0.0,2.891657932407026,0.0,-4000.0,-39.307694,-963.8859774690087
t1513,4732.443096374386,0.0,-2427.026266456682,0.0,0.0,207.08255405321364,0.0,5203.940280647873,-46.715440425693494,-7669.724224193097,3343.0792692414693,0.0,-0.0,0.0,0.0,59.15389880630355,0.0,-1203.9402806478734,-7.4077464256934915,-2190.885140974206,5297.50387946772,0.0,-240.70541708192115,0.0,0.0,28.234584528691244,0.0,-4000.0,-39.307694,-1045.7253529144905
t1514,4732.443096374386,0.0,-0.0,0.0,0.0,199.880631477789,0.0,2495.0626213729524,-24.39999819590488,-7402.986351029222,2034.2558848003098,56.261904704997505,-0.0,0.0,0.0,57.10752315571649,0.0,-32.33292062383906,-0.19894182546545086,-2115.093450211722,3469.0305422571505,0.0,-0.0,0.0,0.0,27.25251202334546,0.0,-2462.7297007491134,-24.20105637043943,-1009.352297160943
t1515,4732.443096374386,0.0,-824.0006348273305,0.0,0.0,196.90711041445078,0.0,3218.8972700219615,-31.390900707512582,-7292.855941275955,2092.5089498680813,0.0,-0.0,0.0,0.0,56.23440287813268,0.0,-65.58415662256216,-0.4035339705898602,-2082.755662153062,4151.654022253835,0.0,-0.0,0.0,0.0,26.843315146118055,0.0,-3153.313113399399,-30.987366736922723,-994.1968572636316
t1516,4732.443096374386,0.0,-0.0,0.0,0.0,197.04351046322776,0.0,2391.077850951929,-22.65666285518046,-7297.907794934362,2243.4108168910498,15.192735205785084,-0.0,0.0,0.0,56.28897289548168,0.0,-228.70852616383158,-1.4072249217411734,-2084.7767739067285,3150.97230483905,0.0,-0.0,0.0,0.0,26.843315146118055,0.0,-2162.3693247880974,-21.24943793343929,-994.1968572636316
t1517,4732.443096374386,0.0,-0.0,0.0,0.0,204.32727306791858,0.0,2654.7454807721897,-23.839069921213447,-7567.676780293281,2718.1136593881147,0.0,-0.0,0.0,0.0,58.33534854606874,0.0,-612.1142541465194,-3.766289118451821,-2160.5684646692125,2384.4279340738294,682.0036815883498,-0.0,0.0,0.0,27.852667443278996,0.0,-2042.6312266256703,-20.072780802761628,-1031.580275677
t1518,4732.443096374386,0.0,-0.0,0.0,0.0,225.0600804820198,0.0,3404.252327966441,-26.196968451744613,-8335.558536371103,2906.96875872018,1396.8238840270692,-0.0,0.0,0.0,64.2834804371085,0.0,-1975.0541302688807,-12.152347096632807,-2380.869645818833,2549.2110455589764,0.0,-0.0,0.0,0.0,30.689765792055702,0.0,-1429.1981976975608,-14.044621355111806,-1136.6579922983592
t1519,4732.443096374386,0.0,-0.0,0.0,0.0,261.6152935542509,0.0,4733.286217557575,-37.88929066200771,-9689.455316824107,2808.352906326245,2246.6670523338394,-0.0,0.0,0.0,74.73363875943978,0.0,-2347.3977040137206,-14.443346759883546,-2767.912546645918,1556.1463839699607,2139.0604648273666,-0.0,0.0,0.0,35.68196769423009,0.0,-2385.8885135438536,-23.445943902124164,-1321.554359045559
t1520,4732.443096374386,0.0,-0.0,0.0,0.0,280.11114016840963,0.0,5395.128220599664,-33.19578423839976,-10374.48667290406,2269.6846990422523,6041.589491236896,-0.0,0.0,0.0,79.99964543361716,0.0,-5395.128220599664,-33.19578423839976,-2962.94983087471,1261.6356222521988,114.6803929556458,-0.0,0.0,0.0,38.19170854122488,0.0,-0.0,-0.0,-1414.5077237490693
t1521,8070.455093334738,0.0,-1636.4385196472501,0.0,0.0,281.69338073422256,0.0,3741.3519668216804,-23.973745901814663,-10433.088175341578,6724.074820455074,0.0,-0.0,0.0,0.0,80.46349058108358,0.0,-3801.0216538027003,-23.387376452583233,-2980.1292807808736,1325.097360620101,0.0,-0.0,0.0,0.0,38.40994687574616,0.0,59.66968698101995,-0.5863694492314291,-1422.5906250276355
t1522,9964.809871355965,0.0,-2895.8437335655512,0.0,0.0,282.1844209098198,0.0,3122.8775950814597,-22.753305269851285,-10451.274848511843,11575.004639056873,0.0,-6497.372320405344,0.0,0.0,80.59991562445605,0.0,-2159.761338614997,-13.288835495948979,-2985.1820601650393,2358.7275701282656,0.0,-0.0,0.0,0.0,38.46450645937648,0.0,-963.1162564664626,-9.464469773902307,-1424.611350347277
t1523,9545.847131126633,0.0,-2895.8437335655512,0.0,0.0,281.8025007732442,0.0,3564.5760119545653,-59.25225202058761,-10437.129658268304,15414.814376213051,0.0,-6497.372320405344,0.0,0.0,0.0,0.0,-5900.0,-36.30221915,-2981.1398366577064,4671.03201485167,0.0,-5599.325291874628,0.0,0.0,38.40994687574616,0.0,2335.423988045435,-22.950032870587613,-1422.5906250276355
t1524,8620.154220793112,0.0,-2895.8437335655512,0.0,0.0,31.12952224310227,0.0,4669.462026575446,-48.39462167868813,-10376.507414367423,15397.63492630689,0.0,-6497.372320405344,0.0,0.0,0.0,0.0,-5900.0,-36.30221915,-2963.9603867515434,5757.195736186606,0.0,-5599.325291874628,0.0,0.0,38.19170854122488,0.0,1230.5379734245548,-12.09240252868813,-1414.5077237490693
t1525,8412.066637353882,0.0,-2895.8437335655512,0.0,0.0,0.0,0.0,4811.587746305154,-35.16400645561521,-10292.64664363787,14629.280267149124,0.0,-6497.372320405344,0.0,0.0,0.0,0.0,-5159.444702400272,-31.745642759125626,-2940.7176015843816,6657.270071307221,0.0,-5599.325291874628,0.0,0.0,0.0,0.0,347.85695609511794,-3.4183636964895827,-1402.38337183122
t1526,8017.092634827549,0.0,-2895.8437335655512,0.0,0.0,0.0,0.0,5128.1836039999025,-31.553295768447676,-10217.879209493452,14575.594592467749,0.0,-6497.372320405344,0.0,0.0,0.0,0.0,-5128.1836039999025,-31.553295768447676,-2918.485372294053,6991.605037107642,0.0,-5599.325291874628,0.0,0.0,0.0,0.0,-0.0,-0.0,-1392.2797452330126
t1527,7456.840457778554,0.0,-2895.8437335655512,0.0,0.0,30.338401960195778,0.0,5561.098109329024,-39.632582103629055,-10112.800653398592,15322.853791421237,0.0,-6497.372320405344,0.0,0.0,0.0,0.0,-5900.0,-36.30221915,-2889.1792518658926,6604.678796116923,0.0,-5599.325291874628,0.0,0.0,37.20963603587908,0.0,338.901890670977,-3.330362953629055,-1378.1346679955218
t1528,6365.418466830638,0.0,-2895.8437335655512,0.0,0.0,275.9645786855894,0.0,6526.532603735065,-51.161593997246264,-10220.910321688496,10492.886690887535,0.0,-4098.17081801514,0.0,0.0,78.85367506928841,0.0,-3531.335047152641,-21.728016741323856,-2920.5064840477194,4380.302408818074,0.0,-0.0,0.0,0.0,37.6188329131065,0.0,-2995.1975565824246,-29.43357725592241,-1393.2901078928332
t1529,4750.505931855772,0.0,-0.0,0.0,0.0,298.7161068215899,0.0,6058.835419130226,-44.49794589685019,-11063.559511910738,4654.139230246415,2539.8455712956493,-0.0,0.0,0.0,85.32022212514356,0.0,-4094.1060956729734,-25.190701137029013,-3160.008226857169,3451.779290149439,0.0,-0.0,0.0,0.0,40.728729180034804,0.0,-1964.7293234572523,-19.307244759821177,-1508.4714511124002
t1530,4732.443096374386,2881.774757581745,-0.0,0.0,0.0,321.1948348600365,0.0,4000.0,-39.307694,-11896.104994816167,1960.286114682893,1345.4705440664102,-0.0,0.0,0.0,91.73219916364972,0.0,-0.0,-0.0,-3397.4888579129524,3346.4644229130404,2270.6912742359527,-0.0,0.0,0.0,43.784065863332806,0.0,-4000.0,-39.307694,-1621.632069012326
t1531,4732.443096374386,2895.8437335655512,-0.0,0.0,0.0,320.78563471370563,0.0,3958.175551412864,-26.29858222555719,-11880.949433840948,1286.179988008034,5465.726327478356,-0.0,0.0,0.0,91.62305912895175,0.0,-3428.9844781777215,-21.09826203199255,-3393.44663440562,2110.2732308416894,0.0,-0.0,0.0,0.0,43.729506279702484,0.0,-529.1910732351424,-5.200320193564643,-1619.6113436926844
t1532,4732.443096374386,2620.2726255494417,-0.0,0.0,0.0,313.938352265101,0.0,4000.0,-39.307694,-11627.346380188928,1142.626328166975,2088.4017446022717,-0.0,0.0,0.0,89.65853850438815,0.0,-0.0,-0.0,-3320.686611273635,3526.8731531008734,2054.891560799918,-0.0,0.0,0.0,42.80199335798702,0.0,-4000.0,-39.307694,-1585.2590132587784
t1533,4732.443096374386,251.8773046210106,-0.0,0.0,0.0,301.58050784590654,0.0,5925.42817940962,-41.68064951364479,-11169.64843873728,1138.6255246114902,6497.372320405344,-0.0,0.0,0.0,86.1387723853784,0.0,-4504.098364089822,-27.713350150228006,-3190.3249031621626,2916.8029967676594,0.0,-0.0,0.0,0.0,41.11064626544706,0.0,-1421.329815319798,-13.967299363416782,-1522.616528349891
t1534,4732.443096374386,2895.8437335655512,-0.0,0.0,0.0,281.20234055862545,0.0,2522.6160050973094,-17.203673424602673,-10414.901502171315,1138.6255246114902,3833.57246817213,-0.0,0.0,0.0,80.32706553771112,0.0,-2064.7443531960885,-12.704203728550747,-2975.076501396708,1843.6025511451453,0.0,-0.0,0.0,0.0,38.328107500300675,0.0,-457.87165190122073,-4.499469696051926,-1419.559537048173
t1535,4732.443096374386,475.1686703070206,-0.0,0.0,0.0,254.41337097882626,0.0,4000.0,-39.307694,-9422.717443660233,1138.6255246114902,1480.808068163091,-0.0,0.0,0.0,72.68726310885272,0.0,-0.0,-0.0,-2692.120855883434,828.4353443877906,4461.3537577153365,-0.0,0.0,0.0,34.69989518888432,0.0,-4000.0,-39.307694,-1285.1813032920115
t1536,4732.443096374386,0.0,-0.0,0.0,0.0,230.3796823843221,0.0,3591.85846267463,-22.100412384372287,-8532.580829048966,1141.9363657033227,4843.671843354289,-0.0,0.0,0.0,65.81144092288017,0.0,-3591.85846267463,-22.100412384372287,-2437.4607749214874,1090.9806653395258,40.54771573492355,-0.0,0.0,0.0,31.39904037924988,0.0,-0.0,-0.0,-1162.927421453699
t1537,4732.443096374386,1419.2062819803953,-0.0,0.0,0.0,215.48479705787568,0.0,1623.7751905480588,-9.990956409764177,-7980.918409550952,1138.830453978423,2713.19477154525,-0.0,0.0,0.0,61.554979569659054,0.0,-1623.7751905480588,-9.990956409764177,-2279.8140581355206,799.656935305787,259.1233135362476,-0.0,0.0,0.0,29.38033578492799,0.0,-0.0,-0.0,-1088.1605846269626
t1538,4732.443096374386,0.0,-0.0,0.0,0.0,207.68271426783235,0.0,2779.1369357111266,-27.310366063257653,-7691.952380290087,1138.6255246114902,999.0053427653638,-0.0,0.0,0.0,59.31760885835054,0.0,-0.0,-0.0,-2196.948476235205,630.6339932205092,3196.2533255436883,-0.0,0.0,0.0,28.31642390413673,0.0,-2779.1369357111266,-27.310366063257653,-1048.756440893953
t1539,4732.443096374386,0.0,-0.0,0.0,0.0,203.97263294109842,0.0,2644.1096951659442,-25.983463700004048,-7554.541960781424,1138.6255246114902,960.6577789071771,-0.0,0.0,0.0,58.25349352004524,0.0,-0.0,-0.0,-2157.536797038713,389.43928221950944,3283.398402012148,-0.0,0.0,0.0,27.825387651463835,0.0,-2644.1096951659442,-25.983463700004048,-1030.569913017179
t1540,4732.443096374386,2611.244596412459,-0.0,0.0,0.0,203.78167287281067,0.0,0.0,-0.0,-7547.469365659655,1138.6255246114902,959.6745080390192,-0.0,0.0,0.0,58.226208511370764,0.0,-0.0,-0.0,-2156.52624116188,375.56414198289536,625.2142176468084,-0.0,0.0,0.0,27.77082806783351,0.0,-0.0,-0.0,-1028.5491876975375
t1541,4732.443096374386,0.0,-0.0,0.0,0.0,210.02879510679642,0.0,2853.9323851035524,-17.560013370052772,-7778.8442632146825,1138.6255246114902,3895.0795129429252,-0.0,0.0,0.0,59.999734075212885,0.0,-2853.9323851035524,-17.560013370052772,-2222.2123731560328,396.6799291679088,635.5570822379746,-0.0,0.0,0.0,28.643781405918656,0.0,-0.0,-0.0,-1060.880792811802
t1542,4732.443096374386,0.0,-0.0,0.0,0.0,229.9159222184804,0.0,3575.042452864029,-21.996944846512466,-8515.404526610384,1138.6255246114902,4825.1468527568595,-0.0,0.0,0.0,65.6750158795077,0.0,-3575.042452864029,-21.996944846512466,-2432.4079955373218,385.22174586519003,744.3404694732479,-0.0,0.0,0.0,31.34448079561955,0.0,-0.0,-0.0,-1160.9066961340575
t1543,4732.443096374386,2895.8437335655512,-0.0,0.0,0.0,266.2801752224237,0.0,1979.8435226166703,-12.18181583741328,-9862.228711941618,1147.5814866644337,3584.8197613477387,-0.0,0.0,0.0,76.04331917581551,0.0,-1979.8435226166703,-12.18181583741328,-2816.419228733908,390.8090613199799,917.674235995478,-0.0,0.0,0.0,36.30940290597879,0.0,-0.0,-0.0,-1344.7927002214367
t1544,4732.443096374386,2895.8437335655512,-0.0,0.0,0.0,285.6489821487551,0.0,2682.159226471182,-16.50310712450023,-10579.591931435374,1142.3010391915286,4497.324461066613,-0.0,0.0,0.0,81.60946094541234,0.0,-2682.159226471182,-16.50310712450023,-3022.5726276078644,358.45169260047913,1045.390642911522,-0.0,0.0,0.0,38.95554271204937,0.0,-0.0,-0.0,-1442.7978782240507
t1545,5971.553610397546,0.0,-0.0,0.0,0.0,290.3411438266832,0.0,4519.287752278151,-27.80680921781565,-10753.375697284564,2119.909364903319,5416.328635794869,-0.0,0.0,0.0,82.94642637046256,0.0,-4519.287752278151,-27.80680921781565,-3072.0898655726874,353.6159865034272,1072.8372549727028,-0.0,0.0,0.0,39.58297792379806,0.0,-0.0,-0.0,-1466.0362193999283
t1546,7655.009877262833,0.0,-0.0,0.0,0.0,292.4144245680934,0.0,2905.9992829996486,-23.259711938227376,-10830.163872892348,4460.501826914836,0.0,-0.0,0.0,0.0,83.51941155262693,0.0,-1441.8381866287655,-8.871512852514583,-3093.3115389861828,352.09043280965636,2562.742932803134,-0.0,0.0,0.0,39.85577584194967,0.0,-1464.1610963708831,-14.388199085712793,-1476.1398459981358
t1547,8770.08892098047,0.0,-0.0,0.0,0.0,294.6786653777913,0.0,1870.5284283112862,-21.271371047648007,-10914.024643621899,5530.091906403683,0.0,-0.0,0.0,0.0,84.17425176081481,0.0,-2481.4332217576525,-15.268056376667264,-3117.564880030178,349.46200640041434,493.7175793964537,-0.0,0.0,0.0,40.1831333437316,0.0,610.9047934463666,-6.003314670980746,-1488.264197915985
t1548,9179.513191891912,0.0,-0.0,0.0,0.0,295.57890569971937,0.0,1500.1872157967514,-27.91243562099914,-10947.366877767383,5728.926441949777,0.0,-0.0,0.0,0.0,84.44710184755975,0.0,-2669.2792473362256,-16.42385766260114,-3127.670438798509,343.7478907253829,-49.337948262190146,-0.0,0.0,0.0,40.29225251099224,0.0,1169.0920315394744,-11.488577958398002,-1492.3056485552681
t1549,8597.889889391243,0.0,-0.0,0.0,0.0,295.1697055533884,0.0,2059.615608807256,-20.463886959725436,-10932.211316792163,5601.161968784264,0.0,-0.0,0.0,0.0,84.31067680418727,0.0,-2547.182380581752,-15.672605592355504,-3122.6176594143435,343.3500701393374,623.9216697618167,-0.0,0.0,0.0,40.23769292736191,0.0,487.5667717744959,-4.791281367369931,-1490.2849232356266
t1550,8101.7640081691425,3.7157258997262943,-0.0,0.0,0.0,294.92418546558986,0.0,2538.3322118983156,-15.618151225735065,-10923.117980207031,5589.307533129731,0.0,-0.0,0.0,0.0,84.22882177816379,0.0,-2538.3322118983156,-15.618151225735065,-3119.5859917838443,343.14627194832906,1105.9178754919299,-0.0,0.0,0.0,40.21041313554676,0.0,-0.0,-0.0,-1489.2745605758057
t1551,8208.936832025372,139.4412034247671,-0.0,0.0,0.0,293.26010487051065,0.0,2233.590324482746,-13.74309922893089,-10861.485365574468,5265.97498895866,0.0,-0.0,0.0,0.0,83.76497663069738,0.0,-2233.590324482746,-13.74309922893089,-3102.406541877681,343.1260414816667,1097.090360146542,-0.0,0.0,0.0,39.964895009210316,0.0,-0.0,-0.0,-1480.1812966374189
t1552,6800.035664477173,0.0,-0.0,0.0,0.0,297.0247462167553,0.0,3928.0249331320956,-24.16881727952973,-11000.916526546494,3676.4470245301595,3333.7191258547928,-0.0,0.0,0.0,84.85637697767714,0.0,-3928.0249331320956,-24.16881727952973,-3142.8287769510057,350.98316098599827,1107.911815134317,-0.0,0.0,0.0,40.48321105369836,0.0,-0.0,-0.0,-1499.3781871740134
t1553,4732.443096374386,2745.125147234038,-0.0,0.0,0.0,317.4029135040364,0.0,4000.0,-39.307694,-11755.66346311246,1141.5200455353195,2125.8890493557965,-0.0,0.0,0.0,90.66808382534444,0.0,-0.0,-0.0,-3358.077178716461,343.13213777665425,5255.344984880233,-0.0,0.0,0.0,43.265749818844746,0.0,-4000.0,-39.307694,-1602.4351784757314
t1554,4732.443096374386,2895.8437335655512,-0.0,0.0,0.0,330.8792383232023,0.0,4337.001774754325,-41.38123845441873,-12254.786604563045,1141.4737852503577,2603.6518212598685,-0.0,0.0,0.0,94.51527004844813,0.0,-337.00177475432537,-2.0735444544187214,-3500.5655573499307,343.19026303019893,5322.136494651058,-0.0,0.0,0.0,45.12077566227567,0.0,-4000.0,-39.307694000000005,-1671.1398393435434
t1555,4732.443096374386,2895.8437335655512,-0.0,0.0,0.0,328.3421974159504,0.0,4245.008309319861,-40.815210159067895,-12160.82212651668,1149.2934979511037,2476.7243013890243,-0.0,0.0,0.0,93.77857481423679,0.0,-245.00830931986087,-1.5075161590678943,-3473.2805486754364,344.5550320352343,5307.991648361962,-0.0,0.0,0.0,44.766138368678575,0.0,-4000.0,-39.307694000000005,-1658.0051247658735
t1556,4732.443096374386,2822.7893142661865,-0.0,0.0,0.0,319.5580342747127,0.0,4000.0,-39.307694,-11835.482750915286,1156.5208863931314,2133.5034384656337,-0.0,0.0,0.0,91.2956390248578,0.0,-0.0,-0.0,-3381.319963883622,350.2650880394389,5259.025946165509,-0.0,0.0,0.0,43.56582752881151,0.0,-4000.0,-39.307694,-1613.5491677337598
t1557,4732.443096374386,2895.8437335655512,-0.0,0.0,0.0,305.72706932872677,0.0,3422.846945772496,-33.63605508831496,-11323.224789952845,1169.2655781025992,1978.1844708731644,-0.0,0.0,0.0,87.33931276705613,0.0,-0.0,-0.0,-3234.78936174282,365.4251887689799,4593.208434404404,-0.0,0.0,0.0,41.683521893565434,0.0,-3422.846945772496,-33.63605508831496,-1543.8341442061271
t1558,4732.443096374386,2895.8437335655512,-0.0,0.0,0.0,283.60298141710047,0.0,2607.970947895002,-16.046632692765694,-10503.814126559273,1192.5981303270335,4350.750657823692,-0.0,0.0,0.0,81.00919075457347,0.0,-2607.970947895002,-16.046632692765694,-3000.340398317536,360.4422754775967,1033.5692313543486,-0.0,0.0,0.0,38.68274479389777,0.0,-0.0,-0.0,-1432.694251625843
t1559,4732.443096374386,531.2048414567986,-0.0,0.0,0.0,255.96833153488384,0.0,4000.0,-39.307694,-9480.308575366069,1170.1523399484631,1465.0135867166562,-0.0,0.0,0.0,73.12382324764464,0.0,-0.0,-0.0,-2708.289749912764,362.6979317779692,4933.972750401197,-0.0,0.0,0.0,34.89085373159043,0.0,-4000.0,-39.307694,-1292.2538419107568
t1560,4732.443096374386,0.0,-0.0,0.0,0.0,231.2253626867394,0.0,3635.9642047588673,-35.730342088903726,-8563.902321731088,1151.07427815812,1228.4412227857565,-0.0,0.0,0.0,66.02972099227611,0.0,-0.0,-0.0,-2445.5452219361523,375.3003041116313,4432.83803815062,-0.0,0.0,0.0,31.535439338325684,0.0,-3635.9642047588673,-35.730342088903726,-1167.979234752803
t1561,4732.443096374386,0.0,-0.0,0.0,0.0,215.10287692130015,0.0,3037.9193159724796,-18.692069960754417,-7966.773219307413,1190.3598425087578,4080.577538517712,-0.0,0.0,0.0,61.44583953496108,0.0,-3037.9193159724796,-18.692069960754417,-2275.771834628188,399.10975756649935,657.704325539524,-0.0,0.0,0.0,29.325776201297668,0.0,-0.0,-0.0,-1086.139859307321
t1562,4732.443096374386,2710.5367593269793,-0.0,0.0,0.0,206.5369538581057,0.0,0.0,-0.0,-7649.51680955947,1292.4288779170981,833.4027390418528,-0.0,0.0,0.0,58.99018875425659,0.0,-0.0,-0.0,-2184.821805713207,402.8083213522038,611.7331984295788,-0.0,0.0,0.0,28.15274515324577,0.0,-0.0,-0.0,-1042.6942649350283
t1563,4732.443096374386,0.0,-0.0,0.0,0.0,203.04511260941499,0.0,2600.7030608968566,-16.0019139763989,-7520.189355904258,1206.6578078709724,3499.4977618393605,-0.0,0.0,0.0,57.98064343330032,0.0,-2600.7030608968566,-16.0019139763989,-2147.431238270382,448.71167111147554,548.1343570462061,-0.0,0.0,0.0,27.66170890057287,0.0,-0.0,-0.0,-1024.5077370582544
t1564,4732.443096374386,0.0,-0.0,0.0,0.0,503.71729716754,0.0,2304.655898103456,-22.647677204486456,-7518.168614440895,1204.3263051865576,885.1242896505245,-0.0,0.0,0.0,57.98064343330032,0.0,-0.0,-0.0,-2147.431238270382,633.6409330187538,2690.508670446868,-0.0,0.0,0.0,27.66170890057287,0.0,-2304.655898103456,-22.647677204486456,-1024.5077370582544
t1565,4732.443096374386,2812.7781944072776,-0.0,0.0,0.0,209.37407487266694,0.0,0.0,-0.0,-7754.59536565433,1210.9022534065862,944.4274895971232,-0.0,0.0,0.0,59.80873901449143,0.0,-0.0,-0.0,-2215.138482018201,627.5358941248342,400.76878580902667,-0.0,0.0,0.0,28.534662238658008,0.0,-0.0,-0.0,-1056.8393421725189
t1566,4732.443096374386,0.0,-0.0,0.0,0.0,229.58856210141562,0.0,3563.1723282918415,-21.923908937434945,-8503.280077830208,1159.064541364789,4789.81486291783,-0.0,0.0,0.0,65.5931608534842,0.0,-3563.1723282918415,-21.923908937434945,-2429.3763279068226,708.7115241447791,418.8845254576478,-0.0,0.0,0.0,31.28992121198924,0.0,-0.0,-0.0,-1158.8859708144162
t1567,4732.443096374386,2895.8437335655512,-0.0,0.0,0.0,266.52569531022226,0.0,1988.7461160458115,-12.23659276922142,-9871.32204852675,1332.2232046173804,3412.0852263602183,-0.0,0.0,0.0,76.12517420183897,0.0,-1988.7461160458115,-12.23659276922142,-2819.450896364407,951.6601758729241,357.80620431053944,-0.0,0.0,0.0,36.33668269779395,0.0,-0.0,-0.0,-1345.8030628812573
t1568,4732.443096374386,2895.8437335655512,-0.0,0.0,0.0,286.0309022853307,0.0,2696.007705138738,-16.588315685090684,-10593.737121678912,1144.5247355909455,4512.967535367967,-0.0,0.0,0.0,81.71860098011032,0.0,-2696.007705138738,-16.588315685090684,-3026.614851115197,1137.4471416792153,267.3782767007915,-0.0,0.0,0.0,38.982822503864526,0.0,-0.0,-0.0,-1443.8082408838713
t1569,7119.14575798168,0.0,-0.0,0.0,0.0,288.18602305600695,0.0,3293.8284055878535,-27.603777143800745,-10673.556409481738,4271.299902283093,0.0,-0.0,0.0,0.0,82.3188711709492,0.0,-1296.7926336621924,-7.9790593863238275,-3048.8470804055255,1100.6439853469647,2331.6558342642534,-0.0,0.0,0.0,39.282900213831304,0.0,-1997.0357719256608,-19.62471775747692,-1454.9222301419
t1570,9190.350893180745,0.0,-2478.275047440169,0.0,0.0,288.6770632316041,0.0,3718.9303049503915,-27.940131270568287,-10691.743082652003,7031.719414627602,0.0,-0.0,0.0,0.0,82.45529621432166,0.0,-4035.44508632485,-24.829764727382262,-3053.899859789691,1105.1841637008133,0.0,-0.0,0.0,0.0,39.36473958927678,0.0,316.51478137445804,-3.1103665431860237,-1457.9533181213621
t1571,10276.52940012816,0.0,-2895.8437335655512,0.0,0.0,289.52274353402134,0.0,3077.351619848967,-24.49545461147366,-10723.064575334125,8565.109408948507,0.0,-2139.3852605238158,0.0,0.0,82.67357628371761,0.0,-3425.337594847968,-21.075823056085568,-3061.984306804356,1077.954566560495,0.0,-0.0,0.0,0.0,39.47385875653742,0.0,347.98597499900103,-3.4196315553880954,-1461.9947687606452
t1572,10766.6343361898,0.0,-2895.8437335655512,0.0,0.0,287.2585027243235,0.0,2501.5138598603626,-20.359160604361865,-10639.203804604573,8944.631616261471,0.0,-3158.2544218441244,0.0,0.0,82.04602108420426,0.0,-2812.377365145373,-17.30432871898422,-3038.7415216371946,1102.9152421884078,0.0,-0.0,0.0,0.0,39.14650125475549,0.0,310.86350528501055,-3.0548318853776446,-1449.870416842796
t1573,10961.71295938878,0.0,-2895.8437335655512,0.0,0.0,283.73938146587733,0.0,2183.7894633406736,-24.53209041209997,-10508.865980217679,8844.196365581623,0.0,-3028.045521935864,0.0,0.0,81.03647576324795,0.0,-2878.127481389042,-17.70888382559704,-3001.350954194369,706.4966953700804,0.0,-0.0,0.0,0.0,38.68274479389777,0.0,694.3380180483678,-6.823206586502929,-1432.694251625843
t1574,10823.231220698148,0.0,-2895.8437335655512,0.0,0.0,282.89370116346004,0.0,2292.38100172455,-25.11770248504926,-10477.544487535557,9275.795556429399,0.0,-3364.431673402484,0.0,0.0,80.79091068517751,0.0,-2981.5535861900125,-18.345256219209872,-2992.255951302871,707.6790371602998,0.0,-0.0,0.0,0.0,38.57362562663712,0.0,689.1725844654625,-6.772446265839387,-1428.65280098656
t1575,9399.879784764835,0.0,-2895.8437335655512,0.0,0.0,282.15714090006435,0.0,3701.5370871184564,-37.46580143764434,-10450.264477780162,9734.188469455301,0.0,-2180.3201838770246,0.0,0.0,80.59991562445605,0.0,-4620.854400510984,-28.431740526710442,-2985.1820601650393,475.86359140630697,0.0,-0.0,0.0,0.0,38.46450645937648,0.0,919.3173133925276,-9.034060910933892,-1424.611350347277
t1576,7103.491300564478,0.0,-0.0,0.0,0.0,286.3037023828845,0.0,3239.795342142622,-25.74951609425803,-10603.840828995726,6572.747426842547,0.0,-0.0,0.0,0.0,81.77317099745932,0.0,-3603.711293087247,-22.173341883895446,-3028.6359628688633,421.105284923944,625.3465224578146,-0.0,0.0,0.0,39.037382087494855,0.0,363.9159509446254,-3.576174210362587,-1445.828966203513
t1577,4732.443096374386,2895.8437335655512,-0.0,0.0,0.0,308.70059039206507,0.0,3529.0621830385185,-32.694403664405485,-11433.355199706111,3720.669962329515,0.0,-0.0,0.0,0.0,88.15786302729096,0.0,-540.3967700253627,-3.3250172836293,-3265.1060380478134,408.13861483792056,4126.793049888666,-0.0,0.0,0.0,42.09271877079284,0.0,-2988.665413013156,-29.369386380776184,-1558.9895841034386
t1578,4732.443096374386,2895.8437335655512,-0.0,0.0,0.0,810.4426127791678,0.0,3693.726928930459,-36.297971960489555,-12096.158399689073,2403.520227560268,959.266141542235,-0.0,0.0,0.0,93.31472966677039,0.0,-0.0,-0.0,-3456.1010987692734,400.9727527286999,4933.443388747403,-0.0,0.0,0.0,44.52062024234213,0.0,-3693.726928930459,-36.297971960489555,-1648.9118608274864
t1579,4732.443096374386,2895.8437335655512,-0.0,0.0,0.0,324.79579614774883,0.0,4101.6282898954405,-25.23698458502102,-12029.473931398104,1800.7414355969763,5669.244790622819,-0.0,0.0,0.0,92.76902949328048,0.0,-4101.6282898954405,-25.23698458502102,-3435.889981232611,393.63789154662913,1201.9056032264648,-0.0,0.0,0.0,44.27510211600569,0.0,-0.0,-0.0,-1639.8185968890996
t1580,4732.443096374386,2895.8437335655512,-0.0,0.0,0.0,317.62115358207967,0.0,3841.474726354967,-23.636280911071914,-11763.746428965911,1221.5074937236009,5912.979150169865,-0.0,0.0,0.0,90.72265384269343,0.0,-3841.474726354967,-23.636280911071914,-3360.098290470127,414.0406837679905,1146.1118277569017,-0.0,0.0,0.0,43.29302961065991,0.0,-0.0,-0.0,-1603.445541135552
t1581,4732.443096374386,1717.9835533830644,-0.0,0.0,0.0,306.2181095043239,0.0,4613.151046277268,-28.384342415933755,-11341.411463123108,1295.5462007362548,6497.372320405344,-0.0,0.0,0.0,87.4484528017541,0.0,-4613.151046277268,-28.384342415933755,-3238.8315852501523,418.4088216902422,1085.7079663583309,-0.0,0.0,0.0,41.73808147719575,0.0,-0.0,-0.0,-1545.8548695257687
t1582,4732.443096374386,910.1246739446482,-0.0,0.0,0.0,286.6856225194602,0.0,4717.760623016701,-29.02799661593099,-10617.986019239264,1200.2121745713264,6497.372320405344,-0.0,0.0,0.0,81.88231103215728,0.0,-4717.760623016701,-29.02799661593099,-3032.6781863761958,379.72715111968705,1029.0305987323425,-0.0,0.0,0.0,39.09194167112518,0.0,-0.0,-0.0,-1447.8496915231544
t1583,4732.443096374386,2895.8437335655512,-0.0,0.0,0.0,260.0603329981933,0.0,1754.3111557450811,-10.794133564940292,-9631.864185118271,1138.6651666857495,3302.9034257520507,-0.0,0.0,0.0,74.26979361197338,0.0,-1754.3111557450811,-10.794133564940292,-2750.733096739755,401.13156868074685,876.8761597265373,-0.0,0.0,0.0,35.4637293597088,0.0,-0.0,-0.0,-1313.471457766993
t1584,4732.443096374386,2895.8437335655512,-0.0,0.0,0.0,235.69928428662436,0.0,870.9760521646884,-5.359044664421076,-8729.603121726828,1487.8392085659766,1815.2083908786271,-0.0,0.0,0.0,67.33940140865185,0.0,-870.9760521646884,-5.359044664421076,-2494.0519040241425,544.7244611565555,613.3471573540447,-0.0,0.0,0.0,32.13559475825922,0.0,-0.0,-0.0,-1190.2072132688597
t1585,4732.443096374386,0.0,-0.0,0.0,0.0,545.8911818786511,0.0,2897.7714806865247,-28.476178661188207,-8147.629580278373,1800.715645852056,463.75716351726146,-0.0,0.0,0.0,62.83737497736029,0.0,-0.0,-0.0,-2327.3101843466775,528.682895912794,3478.955918241087,-0.0,0.0,0.0,30.00777099667669,0.0,-2897.7714806865247,-28.476178661188207,-1111.3989258028403
t1586,4732.443096374386,0.0,-0.0,0.0,0.0,212.1566358677173,0.0,2931.088194822781,-18.034746779056697,-7857.653180285827,2030.8829041971599,3102.084635584989,-0.0,0.0,0.0,60.600004266051755,0.0,-2931.088194822781,-18.034746779056697,-2244.4446024463614,995.1684827742691,46.899357311669945,-0.0,0.0,0.0,28.91657932407026,0.0,-0.0,-0.0,-1070.9844194100097
t1587,4732.443096374386,0.0,-0.0,0.0,0.0,208.8557546873144,0.0,2816.970589952683,-22.871119261998214,-7735.398321752385,1884.9069680406285,1583.0433142493684,-0.0,0.0,0.0,59.67231397111895,0.0,-1309.4797713167702,-8.057122310310724,-2210.0857026340354,2548.6433297854496,0.0,-0.0,0.0,0.0,28.480102655027686,0.0,-1507.4908186359128,-14.81399695168749,-1054.8186168528773
t1588,4732.443096374386,634.2181966293913,-0.0,0.0,0.0,208.8557546873144,0.0,2181.3169084498886,-21.43563438859356,-7735.398321752385,1564.1800898470894,586.233298815827,-0.0,0.0,0.0,59.67231397111895,0.0,-0.0,-0.0,-2210.0857026340354,3229.0910570363317,0.0,-0.0,0.0,0.0,28.480102655027686,0.0,-2181.3169084498886,-21.43563438859356,-1054.8186168528773
t1589,4732.443096374386,0.0,-0.0,0.0,0.0,214.85735683350157,0.0,3033.913703953313,-23.534274438919574,-7957.679882722281,2014.9611018056905,1916.1738474916976,-0.0,0.0,0.0,61.3639845089376,0.0,-1709.2419404522527,-10.516826356384565,-2272.740166997689,2393.5202118216134,0.0,-0.0,0.0,0.0,29.298496409482507,0.0,-1324.6717635010602,-13.017448082535012,-1085.1294966475002
t1590,4732.443096374386,0.0,-0.0,0.0,0.0,235.64472426711356,0.0,3788.063270086348,-28.56871046438327,-8727.582380263466,1604.0009789767907,3192.3181123293775,-0.0,0.0,0.0,67.31211639997734,0.0,-2356.0930112819965,-14.496848276837706,-2493.0413481473092,2603.130656634492,0.0,-0.0,0.0,0.0,32.108314966444055,0.0,-1431.9702588043513,-14.071862187545563,-1189.196850609039
t1591,4732.443096374386,2895.8437335655512,-0.0,0.0,0.0,272.8000975539634,0.0,2224.4801859339987,-21.859796614439176,-10103.70731681346,1514.528414234163,1293.6931852268751,-0.0,0.0,0.0,77.92598477435563,0.0,-0.0,-0.0,-2886.1475842353934,3086.0403953770524,500.2415362630308,-0.0,0.0,0.0,37.18235624406393,0.0,-2224.4801859339987,-21.859796614439176,-1377.1243053357011
t1592,4732.443096374386,0.0,-0.0,0.0,0.0,290.23202378766166,0.0,5769.163829495398,-42.50473529960828,-10749.33421435784,1295.0868677978478,5577.68527462889,-0.0,0.0,0.0,82.89185635311358,0.0,-3861.8336969628654,-23.76154799796621,-3070.0687538190214,3351.5434784423,0.0,-0.0,0.0,0.0,39.55569813198289,0.0,-1907.330132532533,-18.743187301642067,-1465.0258567401074
t1593,7945.219433997121,0.0,-1861.1172270673094,0.0,0.0,290.1774637681509,0.0,4409.405139129914,-36.3713369333985,-10747.313472894477,4893.100159298231,0.0,-0.0,0.0,0.0,82.89185635311358,0.0,-1894.2679853016036,-11.655276530719965,-3070.0687538190214,3965.3233728391133,0.0,-0.0,0.0,0.0,39.55569813198289,0.0,-2515.1371538283097,-24.716060402678533,-1465.0258567401074
t1594,10401.765059465777,0.0,-2895.8437335655512,0.0,0.0,288.13146303649614,0.0,2906.0403149445283,-28.55743586287579,-10671.535668018376,7700.043752280523,0.0,-4734.498813914104,0.0,0.0,82.29158616227471,0.0,-0.0,-0.0,-3047.8365245286927,5506.552283899733,0.0,-1156.3152031642608,0.0,0.0,39.282900213831304,0.0,-2906.0403149445283,-28.55743586287579,-1454.9222301419
t1595,11819.095550238628,0.0,-2895.8437335655512,0.0,0.0,287.09482266579107,0.0,1431.7486815629181,-8.953740687301075,-10633.141580214484,10853.139673182799,0.0,-6497.372320405344,0.0,0.0,81.99145106685526,0.0,-1392.4706356261302,-8.567758334650774,-3036.720409883528,6742.774228995909,0.0,-5292.386285118429,0.0,0.0,39.14650125475549,0.0,-39.27804593678805,-0.38598235265030195,-1449.870416842796
t1596,11348.257638690466,0.0,-2895.8437335655512,0.0,0.0,284.93970189511475,0.0,1843.5273957546888,-27.55871036306303,-10553.322292411658,12306.339248548466,0.0,-6497.372320405344,0.0,0.0,81.39118087601639,0.0,-2858.2831451836996,-17.586783242238972,-3014.4881805931996,3846.3152630586346,0.0,-3451.1890813268424,0.0,0.0,38.84642354478873,0.0,1014.7557494290107,-9.971927120824057,-1438.7564275847676
t1597,10965.606005051284,0.0,-2895.8437335655512,0.0,0.0,31.184082262613064,0.0,2346.064923549138,-52.31718975979416,-10394.694087537688,14203.179109940034,0.0,-6497.372320405344,0.0,0.0,8.907039498407126,0.0,-4716.679319454153,-29.021343443236866,-2969.013166135709,4631.272006098033,0.0,-5599.325291874628,0.0,0.0,38.27354791667035,0.0,2370.614395905015,-23.295846316557295,-1417.5388117285315
t1598,11563.80747543502,0.0,-2895.8437335655512,0.0,0.0,279.23817985623697,0.0,1442.8322635464008,-47.87937578185093,-10342.154809490257,13278.884401657295,0.0,-6497.372320405344,0.0,0.0,79.75408035554672,0.0,-3883.516373882373,-23.89495974191377,-2953.854827983212,2787.8403025697808,0.0,-3833.1393959979996,0.0,0.0,38.055309582149064,0.0,2440.6841103359725,-23.98441603993716,-1409.4559104499656
t1599,10548.67612138106,0.0,-2895.8437335655512,0.0,0.0,276.75569896849584,0.0,2345.7692748459067,-25.146288722657562,-10250.211072907254,12380.64029642054,0.0,-6497.372320405344,0.0,0.0,79.04467013000989,0.0,-3016.173998167113,-18.5582727925414,-2927.580375185551,4012.0173129425575,0.0,-3316.2304138818995,0.0,0.0,37.727952080367146,0.0,670.4047233212067,-6.588015930116165,-1397.3315585321163
t1600,8360.664650069026,0.0,-2895.8437335655512,0.0,0.0,280.02930013914346,0.0,4662.782520845231,-36.17717677883291,-10371.455560709017,11361.066400579033,0.0,-5838.121364789057,0.0,0.0,79.97236042494269,0.0,-2624.8277698724787,-16.150351344562118,-2961.9392749978774,3433.3145087468615,0.0,-0.0,0.0,0.0,38.16442874940971,0.0,-2037.954750972752,-20.026825434270783,-1413.4973610892484
t1601,4733.647285406479,0.0,-0.0,0.0,0.0,301.58050784590654,0.0,6177.1048245580305,-42.68417907313615,-11169.64843873728,5526.826236386835,2511.653473919866,-0.0,0.0,0.0,86.1387723853784,0.0,-4904.118935406058,-30.174644123860237,-3190.3249031621626,2767.0013061856935,0.0,-0.0,0.0,0.0,41.11064626544706,0.0,-1272.985889151973,-12.509534949275917,-1522.616528349891
t1602,4732.443096374386,2895.8437335655512,-0.0,0.0,0.0,321.0311548015041,0.0,3967.3702933710974,-26.64550768645905,-11890.042770426078,1615.4326109638698,5069.160116315162,-0.0,0.0,0.0,91.70491415497521,0.0,-3359.1507585513036,-20.66858084657935,-3396.478302036119,2192.044464808667,0.0,-0.0,0.0,0.0,43.784065863332806,0.0,-608.2195348197939,-5.9769268398797015,-1621.632069012326
t1603,4732.443096374386,2895.8437335655512,-0.0,0.0,0.0,322.2860352502524,0.0,4025.411004734365,-39.46404584113366,-11936.519824083422,2577.7098759000746,765.4133898426301,-0.0,0.0,0.0,92.05961926774364,0.0,-25.41100473436503,-0.15635184113366216,-3409.6155284349497,2378.2599906483347,3244.794203708692,-0.0,0.0,0.0,43.947744614223765,0.0,-4000.0,-39.307694,-1627.6942449712506
t1604,4732.443096374386,2895.8437335655512,-0.0,0.0,0.0,315.95707298700046,0.0,3790.7152174649914,-32.84530605858031,-11702.113814333348,3218.4012950421634,1240.8087253739552,-0.0,0.0,0.0,90.25880869522702,0.0,-1199.171583526431,-7.378405020954074,-3342.918840563964,4169.298383557034,0.0,-0.0,0.0,0.0,43.07479127613862,0.0,-2591.5436339385606,-25.466901037626236,-1595.362639856986
t1605,4732.443096374386,0.0,-0.0,0.0,0.0,303.5992285678059,0.0,6261.596661879924,-53.22311394041923,-11244.415872881698,4047.635111459362,1353.6950602372588,-0.0,0.0,0.0,86.73904257621726,0.0,-2261.5966618799243,-13.91541994041923,-3212.5571324524913,5816.451750620321,0.0,-285.80734585582144,0.0,0.0,41.38344418359867,0.0,-4000.0,-39.307694,-1532.7201549480988
t1606,4732.443096374386,0.0,-1430.813916749611,0.0,0.0,283.575701407345,0.0,6975.212810740112,-57.61393594463983,-10502.803755827592,5912.850260247715,0.0,-0.0,0.0,0.0,81.00919075457347,0.0,-2975.2128107401118,-18.306241944639833,-3000.340398317536,5823.500180980439,0.0,-391.1640630164993,0.0,0.0,38.65546500208261,0.0,-4000.0,-39.307694,-1431.6838889660223
t1607,4732.443096374386,0.0,-1042.0044069571647,0.0,0.0,256.51393172999184,0.0,5601.363023957445,-47.79965510496,-9500.515989999696,4624.044118807058,0.0,-0.0,0.0,0.0,73.2602482910171,0.0,-1971.829332621615,-12.132505179530192,-2713.3425292969296,4925.513078044442,0.0,-0.0,0.0,0.0,34.97269310703592,0.0,-3629.533691335829,-35.66714992542981,-1295.2849298902192
t1608,4732.443096374386,0.0,-1480.901187240834,0.0,0.0,231.63456283307033,0.0,5142.217073301016,-46.33566256132968,-8579.05788270631,3532.693626278857,0.0,-0.0,0.0,0.0,66.13886102697411,0.0,-1142.2170733010162,-7.027968561329679,-2449.587445443485,7915.3809693049325,0.0,-2738.6463970224495,0.0,0.0,31.562719130140838,0.0,-4000.0,-39.307694,-1168.9895974126237
t1609,4732.443096374386,0.0,-2895.8437335655512,0.0,0.0,215.53935707738648,0.0,5982.305086769118,-51.50465564102581,-7982.939151014314,5173.3337255925735,0.0,-959.5893277484082,0.0,0.0,61.58226457833355,0.0,-1982.3050867691184,-12.196961641025814,-2280.824614012354,8324.762601750761,0.0,-3226.6746589087265,0.0,0.0,29.38033578492799,0.0,-4000.0,-39.307694,-1088.1605846269626
t1610,4732.443096374386,0.0,-1930.7648016428657,0.0,0.0,207.40991417027837,0.0,4716.47658007584,-43.71611600436536,-7681.848672973273,2855.5660568525836,0.0,-0.0,0.0,0.0,59.23575383232704,0.0,-716.4765800758397,-4.408422004365365,-2193.9168086047052,6614.485670972699,0.0,-1556.7041257188948,0.0,0.0,28.261864320506408,0.0,-4000.0,-39.307694,-1046.7357155743114
t1611,4732.443096374386,0.0,-1146.6232086378957,0.0,0.0,203.42703274599052,0.0,3785.713805157855,-40.62617949253883,-7534.334546147797,1880.4159689601101,0.0,-0.0,0.0,0.0,58.089783467998295,0.0,214.28619484214514,-1.3184854925388392,-2151.4734617777144,6956.765723928219,0.0,-1918.6458360345257,0.0,0.0,27.71626848420319,0.0,-4000.0,-39.307694,-1026.528462377896
t1612,4732.443096374386,0.0,-853.647825797498,0.0,0.0,203.6725528337891,0.0,3503.32376173717,-42.36370241491777,-7543.427882732929,1602.7132610662802,0.0,-0.0,0.0,0.0,58.17163849402177,0.0,496.67623826282977,-3.0560084149177733,-2154.5051294082136,5969.543173053983,0.0,-929.4571194242804,0.0,0.0,27.77082806783351,0.0,-4000.0,-39.307694,-1028.5491876975375
t1613,4732.443096374386,0.0,-0.0,0.0,0.0,210.2197551750842,0.0,2869.504543573509,-26.250536786526766,-7785.916858336452,1464.0273567877668,1233.5887408869767,-0.0,0.0,0.0,60.054304092561885,0.0,-530.1747945559487,-3.2621223016569956,-2224.233484909699,3394.5551749083143,0.0,-0.0,0.0,0.0,28.643781405918656,0.0,-2339.3297490175605,-22.98841448486977,-1060.880792811802
t1614,4732.443096374386,2895.8437335655512,-0.0,0.0,0.0,231.08896263796242,0.0,706.4165771576431,-6.9419016628600065,-8558.850468072682,1139.5706633311152,1238.9615667446028,-0.0,0.0,0.0,66.00243598360163,0.0,-0.0,-0.0,-2444.5346660593195,1731.4480482575773,117.37114310940628,-0.0,0.0,0.0,31.508159546510512,0.0,-706.4165771576431,-6.9419016628600065,-1166.968872092982
t1615,4732.443096374386,2895.8437335655512,-0.0,0.0,0.0,267.5350556711719,0.0,2032.8606460426738,-19.976766054821933,-9908.70576559896,1144.0289521012069,1609.1294787429476,-0.0,0.0,0.0,76.39802428858394,0.0,-0.0,-0.0,-2829.5564551327384,2089.6122625642306,1277.6069440567494,-0.0,0.0,0.0,36.47308165686975,0.0,-2032.8606460426738,-19.976766054821933,-1350.854876180361
t1616,4732.443096374386,0.0,-0.0,0.0,0.0,286.0854623048414,0.0,5615.280503537493,-38.05119907444515,-10595.757863142275,1138.6255246114902,6497.372320405344,-0.0,0.0,0.0,81.71860098011032,0.0,-4662.414140661013,-28.68745422073475,-3026.614851115197,1024.690517647301,1342.3650084628873,-0.0,0.0,0.0,38.982822503864526,0.0,-952.8663628764796,-9.363744853710404,-1443.8082408838713
t1617,7132.391837334697,0.0,-0.0,0.0,0.0,290.64122393399265,0.0,3372.747358094684,-31.29064403031278,-10764.48977533306,3499.574360606071,0.0,-0.0,0.0,0.0,83.02828139648605,0.0,-504.3777138329396,-3.1033949664304004,-3075.121533203187,2072.9509661658794,2252.0253343718805,-0.0,0.0,0.0,39.63753750742839,0.0,-2868.3696442617443,-28.187249063882376,-1468.0569447195699
t1618,9308.361418325807,0.0,-2895.8437335655512,0.0,0.0,291.9506644022516,0.0,4139.094319633278,-30.575098342022898,-10812.987570453764,6592.400179145534,0.0,-821.7126881322985,0.0,0.0,83.38298650925447,0.0,-2748.897972729452,-16.91374519101954,-3088.2587596020176,2838.1756044750045,0.0,-0.0,0.0,0.0,39.80121625831935,0.0,-1390.1963469038258,-13.661353151003357,-1474.1191206784943
t1619,10612.498140081963,0.0,-2895.8437335655512,0.0,0.0,290.91402403154655,0.0,2788.0873279880916,-21.062275886178,-10774.593482649872,8278.016226040605,0.0,-3547.8012808723315,0.0,0.0,83.11013642250953,0.0,-1724.5607987143158,-10.611082042784089,-3078.1532008336862,2503.3802131973175,0.0,-0.0,0.0,0.0,39.664817299243545,0.0,-1063.5265292737763,-10.451193843393911,-1469.0673073793905
t1620,11347.053449658375,0.0,-2895.8437335655512,0.0,0.0,288.6497832218487,0.0,1964.7693186399792,-13.896106034329138,-10690.732711920322,8841.024279696008,0.0,-4387.592492656785,0.0,0.0,82.45529621432166,0.0,-1472.924439431374,-9.06278403247943,-3053.899859789691,1915.2667797425406,0.0,-0.0,0.0,0.0,39.36473958927678,0.0,-491.84487920860556,-4.833322001849708,-1457.9533181213621
t1621,11380.770742556966,0.0,-2895.8437335655512,0.0,0.0,285.8672222267983,0.0,1830.84855966679,-13.967893596176312,-10587.674897288824,7807.62281526226,0.0,-3762.7695299830716,0.0,0.0,81.66403096276134,0.0,-1095.1849928768245,-6.738584003594181,-3024.593739361531,2146.7352118945487,0.0,-0.0,0.0,0.0,38.95554271204937,0.0,-735.6635667899652,-7.22930959258213,-1442.7978782240507
t1622,11011.084709704573,0.0,-2895.8437335655512,0.0,0.0,285.0488219341364,0.0,2172.966414620865,-15.892437355640114,-10557.363775338385,6748.8303179044515,0.0,-2318.1946958314043,0.0,0.0,81.44575089336539,0.0,-1486.4262212240908,-9.145859395454801,-3016.509292346866,2093.196775396939,0.0,-0.0,0.0,0.0,38.84642354478873,0.0,-686.5401933967747,-6.746577960185311,-1438.7564275847676
t1623,9675.639073114013,0.0,-2711.1353876579237,0.0,0.0,284.12130160245283,0.0,3295.105347041078,-20.719163638402602,-10523.011170461217,6268.607521848651,0.0,-0.0,0.0,0.0,81.17290080662045,0.0,-3322.9309656638798,-20.44572341285615,-3006.4037335785347,1368.425494170701,0.0,-0.0,0.0,0.0,38.73730437752808,0.0,27.825618622801993,-0.27344022554645053,-1434.7149769454845
t1624,7650.193121134464,0.0,-0.0,0.0,0.0,288.5133831730717,0.0,2768.97723673454,-22.00288278016034,-10685.680858261914,4395.629295960352,0.0,-0.0,0.0,0.0,82.40072619697268,0.0,-1417.4299432013217,-8.721330919977362,-3051.878748036025,1226.6748504456427,1555.759490611838,-0.0,0.0,0.0,39.33745979746162,0.0,-1351.547293533218,-13.281551860182978,-1456.9429554615415
t1625,4732.443096374386,2895.8437335655512,-0.0,0.0,0.0,310.7465911237197,0.0,3592.2021103389993,-22.10252682044387,-11509.133004582212,1478.449425776281,5334.435345503174,-0.0,0.0,0.0,88.75813321812984,0.0,-3592.2021103389993,-22.10252682044387,-3287.338267338142,368.1749844007018,1158.5527096119997,-0.0,0.0,0.0,42.36551668894444,0.0,-0.0,-0.0,-1569.093210701646
t1626,4732.443096374386,2503.7784240299684,-0.0,0.0,0.0,322.50427532829553,0.0,4413.030008182625,-27.153013978402026,-11944.602789936871,1262.3331526592062,6497.372320405344,-0.0,0.0,0.0,92.11418928509264,0.0,-4413.030008182625,-27.153013978402026,-3411.636640188616,386.9435079305972,1196.8029924264295,-0.0,0.0,0.0,43.947744614223765,0.0,-0.0,-0.0,-1627.6942449712506
t1627,4732.443096374386,2895.8437335655512,-0.0,0.0,0.0,317.45747352354726,0.0,3835.5396640688723,-23.59976295653315,-11757.684204575822,1394.3995920226146,5732.148929893911,-0.0,0.0,0.0,90.66808382534444,0.0,-3835.5396640688723,-23.59976295653315,-3358.077178716461,502.86914631146004,1056.3002823454265,-0.0,0.0,0.0,43.265749818844746,0.0,-0.0,-0.0,-1602.4351784757314
t1628,4732.443096374386,2895.8437335655512,-0.0,0.0,0.0,309.3280306164391,0.0,3553.902796889879,-34.92393091147287,-11456.593726534782,1358.451061648468,1825.3800094491648,-0.0,0.0,0.0,88.34885808801243,0.0,-0.0,-0.0,-3272.1799291856455,527.3821447938749,4581.290696944136,-0.0,0.0,0.0,42.17455814623832,0.0,-3553.902796889879,-34.92393091147287,-1562.0206720829008
t1629,4732.443096374386,2895.8437335655512,-0.0,0.0,0.0,616.6484880412615,0.0,2850.307091406476,-17.537707233396095,-11077.704702154277,2235.6300967616517,3710.835790082875,-0.0,0.0,0.0,85.42936215984155,0.0,-2850.307091406476,-17.537707233396095,-3164.0504503645016,398.9327885044339,1069.7930162959372,-0.0,0.0,0.0,40.75600897184997,0.0,-0.0,-0.0,-1509.4818137722211
t1630,4732.443096374386,2895.8437335655512,-0.0,0.0,0.0,283.4938613780788,0.0,2604.014239704272,-16.022287389739848,-10499.772643632547,2394.782095345881,3143.602368442934,-0.0,0.0,0.0,80.98190574589897,0.0,-2604.014239704272,-16.022287389739848,-2999.3298424407026,438.69463021981625,954.3337937441238,-0.0,0.0,0.0,38.65546500208261,0.0,-0.0,-0.0,-1431.6838889660223
t1631,4732.443096374386,2895.8437335655512,-0.0,0.0,0.0,261.5607335347401,0.0,1808.7158933676146,-11.128881481545625,-9687.434575360745,2278.4218234072937,2233.6185884601855,-0.0,0.0,0.0,74.70635375076529,0.0,-1808.7158933676146,-11.128881481545625,-2766.901990769085,480.48160953557493,805.390781815754,-0.0,0.0,0.0,35.68196769423009,0.0,-0.0,-0.0,-1321.554359045559
t1632,4732.443096374386,2895.8437335655512,-0.0,0.0,0.0,238.80920539873958,0.0,983.7422356004838,-6.052885800657575,-8844.785385138503,2375.4376701718293,1072.5346216258756,-0.0,0.0,0.0,68.21252168623566,0.0,-983.7422356004838,-6.052885800657575,-2526.389692082802,448.0388655312601,724.7789959994245,-0.0,0.0,0.0,32.544791635486625,0.0,-0.0,-0.0,-1205.3626531661712
t1633,4732.443096374386,0.0,-0.0,0.0,0.0,221.56823923332908,0.0,3284.4962403987342,-32.276493290435965,-8206.231082715893,1911.1254520728025,369.0796911870526,-0.0,0.0,0.0,63.2739351161522,0.0,-0.0,-0.0,-2343.4790783760072,405.7905908431158,3999.2548777282677,-0.0,0.0,0.0,30.19872953938281,0.0,-3284.4962403987342,-32.276493290435965,-1118.4714644215856
t1634,4732.443096374386,0.0,-0.0,0.0,0.0,211.50191563358783,0.0,2916.0071022087122,-26.54783149121155,-7833.404282725475,2754.1287974056772,0.0,-0.0,0.0,0.0,60.40900920533031,0.0,-573.6375502075114,-3.5295450949664757,-2237.3707113085297,369.07456129245764,3035.431868586905,-0.0,0.0,0.0,28.834739948624772,0.0,-2342.369552001201,-23.018286396245074,-1067.9533314305472
t1635,4732.443096374386,1418.4972983647149,-0.0,0.0,0.0,206.70063391663808,0.0,1305.9735541355683,-8.03554884175149,-7655.579033949558,3441.8072616725885,0.0,-0.0,0.0,0.0,59.044758771605586,0.0,-1305.9735541355683,-8.03554884175149,-2186.8429174668736,369.5074661240438,646.0171365257441,-0.0,0.0,0.0,28.180024945060925,0.0,-0.0,-0.0,-1043.704627594849
t1636,4732.443096374386,773.1160890145665,-0.0,0.0,0.0,205.0911133410697,0.0,1896.9888800245333,-11.672017974197232,-7595.967160780358,4019.743451935302,0.0,-0.0,0.0,0.0,58.580913624139185,0.0,-1896.9888800245333,-11.672017974197232,-2169.6634675607106,374.9959238420761,632.6640158636673,-0.0,0.0,0.0,27.961786610539637,0.0,-0.0,-0.0,-1035.6217263162828
t1637,4732.443096374386,0.0,-0.0,0.0,0.0,206.973434014192,0.0,2745.038018450264,-18.771807572470504,-7665.6827412663715,4377.328019000975,0.0,-0.0,0.0,0.0,59.12661379762907,0.0,-2232.8415555862957,-13.738492114935696,-2189.874585097373,380.08375043272116,1154.6367962745883,-0.0,0.0,0.0,28.234584528691244,0.0,-512.1964628639683,-5.033315457534807,-1045.7253529144905
t1638,4732.443096374386,1255.816919727102,-0.0,0.0,0.0,214.74823679448,0.0,1761.4683178998825,-10.838171000370068,-7953.638399795555,3982.6994005208453,0.0,-0.0,0.0,0.0,61.33669950026311,0.0,-1761.4683178998825,-10.838171000370068,-2271.7296111208557,420.3970556608278,634.4508617091846,-0.0,0.0,0.0,29.271216617667342,0.0,-0.0,-0.0,-1084.1191339876796
t1639,4732.443096374386,0.0,-0.0,0.0,0.0,230.4615224135883,0.0,3594.82599381768,-22.118671361641688,-8535.611941244011,4173.6578702387915,1815.9193998072988,-0.0,0.0,0.0,65.83872593155465,0.0,-3594.82599381768,-22.118671361641688,-2438.4713307983207,445.5005393748849,686.0278416995645,-0.0,0.0,0.0,31.39904037924988,0.0,-0.0,-0.0,-1162.927421453699
t1640,4732.443096374386,2895.8437335655512,-0.0,0.0,0.0,248.00256868630814,0.0,1317.0949006694555,-8.103977580584756,-9185.280321715116,3526.593091793461,351.17696019637697,-0.0,0.0,0.0,70.8318825189871,0.0,-1317.0949006694555,-8.103977580584756,-2623.403056258782,528.9264490074181,689.1132244515245,-0.0,0.0,0.0,33.79966205898401,0.0,-0.0,-0.0,-1251.8393355179264
t1641,7343.124917950881,0.0,-972.5864669741018,0.0,0.0,267.20769555410715,0.0,3292.5447371278974,-33.70956684000072,-9896.581316818783,6909.927192966316,0.0,-0.0,0.0,0.0,76.31616926256046,0.0,-4134.280682630289,-25.43789209634854,-2826.524787502239,478.95135802874023,0.0,-0.0,0.0,0.0,36.41852207323943,0.0,841.7359455023922,-8.271674743652175,-1348.8341508607195
t1642,9383.021138315542,0.0,-2895.8437335655512,0.0,0.0,279.8110600611003,0.0,3631.723413324491,-35.33928328001458,-10363.372594855566,8456.890446012005,0.0,-1103.7111052333569,0.0,0.0,79.9450754162682,0.0,-4444.846916253192,-27.348780820682215,-2960.928719121044,569.2168490024648,0.0,-0.0,0.0,0.0,38.13714895759455,0.0,813.1235029287008,-7.990502459332367,-1412.4869984294278
t1643,10164.53982014356,0.0,-2895.8437335655512,0.0,0.0,285.6489821487551,0.0,3056.0005930740667,-30.753730365457436,-10579.591931435374,8721.790442540541,0.0,-1953.5792706318227,0.0,0.0,81.60946094541234,0.0,-3803.843267633743,-23.404737612524105,-3022.5726276078644,663.3486537052586,0.0,-0.0,0.0,0.0,38.95554271204937,0.0,747.8426745596759,-7.348992752933331,-1442.7978782240507
t1644,10122.393204020324,0.0,-2895.8437335655512,0.0,0.0,286.33098239264007,0.0,3124.6920666131095,-32.72131973311376,-10604.851199727407,9496.23840171289,0.0,-2555.738286145003,0.0,0.0,81.77317099745932,0.0,-3969.2150668809923,-24.422256815490798,-3028.6359628688633,570.5676467657581,0.0,-0.0,0.0,0.0,39.037382087494855,0.0,844.5230002678828,-8.299062917622964,-1445.828966203513
t1645,10191.031978849594,0.0,-2895.8437335655512,0.0,0.0,285.0761019438918,0.0,3007.9280963984506,-29.81829755632159,-10558.374146070066,9108.819951608952,0.0,-2435.1513255442587,0.0,0.0,81.44575089336539,0.0,-3715.7424243074365,-22.862660303756076,-3016.509292346866,699.0513133835587,0.0,-0.0,0.0,0.0,38.84642354478873,0.0,707.8143279089854,-6.955637252565515,-1438.7564275847676
t1646,9994.74916661852,0.0,-2895.8437335655512,0.0,0.0,282.3481009683522,0.0,3107.135005720277,-31.051466839667416,-10457.33707290193,8145.405013189926,0.0,-1362.2059761969965,0.0,0.0,80.62720063313056,0.0,-3853.920761234851,-23.712860349335998,-2986.192616041872,647.6827777316636,0.0,-0.0,0.0,0.0,38.491786251191634,0.0,746.7857555145738,-7.3386064903314185,-1425.6217130070977
t1647,9684.06839633866,0.0,-2895.8437335655512,0.0,0.0,280.43850028547433,0.0,3352.2108715178033,-34.26291289214945,-10386.611121684236,8232.879602540972,0.0,-1114.519042379663,0.0,0.0,80.10878546831516,0.0,-4205.60057367421,-25.87671757337066,-2966.992054382043,533.278674106228,0.0,-0.0,0.0,0.0,38.2462681248552,0.0,853.3897021564065,-8.386195318778793,-1416.5284490687109
t1648,8043.962934628704,0.0,-169.74412247337952,0.0,0.0,283.9303415341651,0.0,2383.722827348406,-25.933405698445277,-10515.938575339449,6030.056662446329,0.0,-0.0,0.0,0.0,81.09104578059694,0.0,-3088.7706879706175,-19.00495430827214,-3003.372065948035,696.8751804679122,0.0,-0.0,0.0,0.0,38.710024585712915,0.0,705.0478606222117,-6.928451390173136,-1433.7046142856639
t1649,4732.443096374386,2895.8437335655512,-0.0,0.0,0.0,302.917228323921,0.0,3308.308297654148,-20.355751328339714,-11219.156604589665,2656.89117283668,3789.7247990768133,-0.0,0.0,0.0,86.52076250682133,0.0,-3308.308297654148,-20.355751328339714,-3204.4726854378264,591.0560722443273,897.3313899161558,-0.0,0.0,0.0,41.30160480815317,0.0,-0.0,-0.0,-1529.6890669686363
t1650,4732.443096374386,2895.8437335655512,-0.0,0.0,0.0,311.15579127005066,0.0,3607.039766054235,-22.193821706790775,-11524.288565557432,2223.0434918211995,4608.703313532475,-0.0,0.0,0.0,88.86727325282783,0.0,-3607.039766054235,-22.193821706790775,-3291.3804908454745,816.2753811317975,712.4184786169151,-0.0,0.0,0.0,42.42007627257476,0.0,-0.0,-0.0,-1571.1139360212876
t1651,4732.443096374386,2895.8437335655512,-0.0,0.0,0.0,306.02714943603615,0.0,3421.074481089943,-21.049592464576214,-11334.33886800134,1672.3224814034738,4920.201453731285,-0.0,0.0,0.0,87.42116779307962,0.0,-3421.074481089943,-21.049592464576214,-3237.821029373319,897.8580644339829,606.2587236145898,-0.0,0.0,0.0,41.73808147719575,0.0,-0.0,-0.0,-1545.8548695257687
t1652,4732.443096374386,2895.8437335655512,-0.0,0.0,0.0,296.0699458753165,0.0,3060.0248586858625,-18.82808356346813,-10965.553550937648,2017.739372906671,4109.253260634403,-0.0,0.0,0.0,84.58352689093222,0.0,-3060.0248586858625,-18.82808356346813,-3132.723218182675,729.9457342359867,724.0338275443003,-0.0,0.0,0.0,40.346812094622564,0.0,-0.0,-0.0,-1494.3263738749097
t1653,4732.443096374386,2895.8437335655512,-0.0,0.0,0.0,285.8945022365536,0.0,2691.0618199003234,-16.55788405630837,-10588.685268020505,1934.5609841037021,3715.9884282516996,-0.0,0.0,0.0,81.66403096276134,0.0,-2691.0618199003234,-16.55788405630837,-3024.593739361531,697.3300944179277,706.5122410940737,-0.0,0.0,0.0,38.95554271204937,0.0,-0.0,-0.0,-1442.7978782240507
t1654,4732.443096374386,2895.8437335655512,-0.0,0.0,0.0,271.84529721252454,0.0,2189.7305284407576,-21.5183143886019,-10068.344341204613,2445.157899515275,353.23099126417713,-0.0,0.0,0.0,77.65313468761069,0.0,-0.0,-0.0,-2876.042025467062,1007.9220540856176,2538.3533234953584,-0.0,0.0,0.0,37.04595728498812,0.0,-2189.7305284407576,-21.5183143886019,-1372.0724920365972
t1655,4732.443096374386,2895.8437335655512,-0.0,0.0,0.0,252.42193026668235,0.0,1477.3415823940072,-9.089962353131362,-9348.960380247494,2654.6467320942024,1430.5697171961872,-0.0,0.0,0.0,72.11427792668833,0.0,-1477.3415823940072,-9.089962353131362,-2670.8991824699383,771.7225575859312,468.92802183714,-0.0,0.0,0.0,34.4270972707327,0.0,-0.0,-0.0,-1275.0776766938038
t1656,4732.443096374386,2895.8437335655512,-0.0,0.0,0.0,231.1435226574732,0.0,705.7834852017259,-4.342628263092175,-8560.871209536044,2523.850373277757,564.8079702627783,-0.0,0.0,0.0,66.00243598360163,0.0,-705.7834852017259,-4.342628263092175,-2444.5346660593195,958.9708691149553,176.4898434315162,-0.0,0.0,0.0,31.508159546510512,0.0,-0.0,-0.0,-1166.968872092982
t1657,4732.443096374386,0.0,-0.0,0.0,0.0,214.58455673594764,0.0,3019.5015730648024,-18.953050769667843,-7947.576175405467,1995.9490765441346,3148.0518357356277,-0.0,0.0,0.0,61.28212948291413,0.0,-2917.6226480284136,-17.951894367073017,-2269.7084993671897,1156.7449159409898,0.0,-0.0,0.0,0.0,29.243936825852185,0.0,-101.8789250363886,-1.0011564025948256,-1083.1087713278587
t1658,4732.443096374386,0.0,-0.0,0.0,0.0,204.19087301914163,0.0,2643.2330126135757,-17.242055372229846,-7562.624926634874,2037.5171621009924,2456.2547245064197,-0.0,0.0,0.0,58.33534854606874,0.0,-2376.9138135082285,-14.62495697604033,-2160.5684646692125,1271.6808228672523,0.0,-0.0,0.0,0.0,27.825387651463835,0.0,-266.31919910534754,-2.6170983961895184,-1030.569913017179
t1659,4732.443096374386,2165.9986723779402,-0.0,0.0,0.0,198.02559081442203,0.0,239.9401951905437,-2.126413482401103,-7334.281141274891,2101.707635638417,0.0,-0.0,0.0,0.0,56.5618229822266,0.0,-62.99949518616288,-0.3876307594216026,-2094.8823326750594,1150.9484391849019,0.0,-0.0,0.0,0.0,26.979714105193857,0.0,-176.94070000438083,-1.7387827229795,-999.2486705627354
t1660,4732.443096374386,0.0,-0.0,0.0,0.0,195.18846979986083,0.0,2324.4128462280833,-22.841827222300637,-7229.20258518003,1677.573902815226,332.2317517010067,-0.0,0.0,0.0,55.77055773066628,0.0,-0.0,-0.0,-2065.576212246899,1471.459817559484,1834.3006521963691,-0.0,0.0,0.0,26.597797019781606,0.0,-2324.4128462280833,-22.841827222300637,-985.1035933252447
t1661,4732.443096374386,1555.8745208214673,-0.0,0.0,0.0,195.43398988765938,0.0,762.0327522424313,-7.488437560780827,-7238.295921765162,1315.0878508289088,696.6843454236412,-0.0,0.0,0.0,55.825127748015255,0.0,-0.0,-0.0,-2067.597324000565,1729.9931518446865,0.0,-0.0,0.0,0.0,26.65235660341193,0.0,-762.0327522424313,-7.488437560780827,-987.1243186448862
t1662,4732.443096374386,0.0,-0.0,0.0,0.0,200.18071158509835,0.0,2500.5990561181125,-19.12243499987941,-7414.100429077716,1283.8398514142252,2268.842952442228,-0.0,0.0,0.0,57.16209317306548,0.0,-1483.6018537714265,-9.128481292704503,-2117.114561965388,2010.0740240594646,0.0,-0.0,0.0,0.0,27.27979181516062,0.0,-1016.9972023466862,-9.993953707174905,-1010.3626598207638
t1663,4732.443096374386,0.0,-0.0,0.0,0.0,210.274315194595,0.0,2868.8153744417787,-23.595186210945013,-7787.937599799815,1162.6073333843417,2260.341105652213,-0.0,0.0,0.0,60.054304092561885,0.0,-1251.0715171368038,-7.697741082614108,-2224.233484909699,2665.8783138391896,0.0,-0.0,0.0,0.0,28.643781405918656,0.0,-1617.7438573049749,-15.897445128330904,-1060.880792811802
t1664,4732.443096374386,1129.6305257699873,-0.0,0.0,0.0,223.20503981865284,0.0,2203.2255940194163,-21.650929365670862,-8266.853326616772,1173.319058583879,1124.5849603028312,-0.0,0.0,0.0,63.7650652722931,0.0,-0.0,-0.0,-2361.6690841590034,3321.9970040793405,0.0,-0.0,0.0,0.0,30.444247665719253,0.0,-2203.2255940194163,-21.650929365670862,-1127.5647283599724
t1665,6158.202910371881,0.0,-0.0,0.0,0.0,240.77336610112812,0.0,2541.016111381188,-22.460310034637835,-8917.53207781956,2254.256060973784,910.9849120211385,-0.0,0.0,0.0,68.75822185972554,0.0,-683.1947436578286,-4.203641577355011,-2546.6008096194646,3058.726726391383,0.0,-0.0,0.0,0.0,32.817589553638236,0.0,-1857.8213677233593,-18.256668457282824,-1215.466279764379
t1666,8077.680227527292,0.0,-2917.338011288051,0.0,0.0,253.59497068616437,0.0,4010.780583952178,-32.31144916779286,-9392.406321709792,4555.568979498333,0.0,-0.0,0.0,0.0,72.44169803078228,0.0,-1933.090675159811,-11.894149377368292,-2683.025852991936,3343.673202345891,0.0,-0.0,0.0,0.0,34.563496229808514,0.0,-2077.6899087923666,-20.41729979042456,-1280.1294899929078
t1667,9049.460776425924,0.0,-2895.8437335655512,0.0,0.0,259.3783327543084,0.0,3220.366657976987,-26.757116765431217,-9606.604916826238,5545.841269063114,0.0,-1537.3234488402704,0.0,0.0,74.07879855125194,0.0,-1330.7494204442567,-8.187992727915745,-2743.659205601923,3183.2448413735133,0.0,-0.0,0.0,0.0,35.381889984263324,0.0,-1889.6172375327305,-18.569124037515472,-1310.4403697875307
t1668,8631.607182289834,0.0,-2895.8437335655512,0.0,0.0,261.2606534274308,0.0,3708.7465244060754,-29.450129245539447,-9676.32049731225,6541.255176639272,0.0,-1936.2576051448484,0.0,0.0,74.62449872474183,0.0,-1904.036366496491,-11.71538058408904,-2763.8703231385857,3106.351132186353,0.0,-0.0,0.0,0.0,35.627408110599774,0.0,-1804.7101579095847,-17.73474866145041,-1319.5336337259175
t1669,8839.931884841832,0.0,-2895.8437335655512,0.0,0.0,261.4243334859632,0.0,3506.275457582446,-29.40522064235197,-9682.382721702339,6488.99989132889,0.0,-2414.6221587868044,0.0,0.0,74.6790687420908,0.0,-1374.7069068327953,-8.458459559129283,-2765.8914348922517,3437.404620316197,0.0,-0.0,0.0,0.0,35.654687902414935,0.0,-2131.568550749651,-20.946761083222686,-1320.5439963857382
t1670,8832.706750649279,0.0,-2895.8437335655512,0.0,0.0,258.5599324616465,0.0,3408.814154288481,-27.94330895805672,-9576.293794875797,7639.695517640437,0.0,-3456.746145168684,0.0,0.0,73.86051848185598,0.0,-1511.9323359258844,-9.302796440466588,-2735.574758587258,3185.665396343426,0.0,-0.0,0.0,0.0,35.24549102518752,0.0,-1896.8818183625965,-18.64051251759013,-1305.3885564884267
t1671,8176.423728158877,0.0,-2895.8437335655512,0.0,0.0,255.99561154463925,0.0,3981.933494080401,-37.19015412061558,-9481.31894609775,5989.304886825769,0.0,-2822.855420753879,0.0,0.0,73.12382324764464,0.0,-528.0345856361711,-3.2489537706006315,-2708.289749912764,4745.203096973411,0.0,-0.0,0.0,0.0,34.89085373159043,0.0,-3453.89890844423,-33.94120035001495,-1292.2538419107568
t1672,5970.349421365454,0.0,-1577.6090468387454,0.0,0.0,259.67841286161774,0.0,5006.984426066378,-41.6842185799734,-9617.718994874733,4732.65558373471,0.0,-0.0,0.0,0.0,74.18793858594991,0.0,-2046.5498388467909,-12.59225436461244,-2747.7014291092555,4265.5681141062205,0.0,-0.0,0.0,0.0,35.40916977607849,0.0,-2960.4345872195863,-29.091964215360957,-1311.4507324473514
t1673,4732.443096374386,2895.8437335655512,-0.0,0.0,0.0,285.18522198291333,0.0,2673.7178688508757,-24.774291776941954,-10562.41562899679,2274.1639186911966,1071.7208800626615,-0.0,0.0,0.0,81.44575089336539,0.0,-408.3089655127383,-2.5122917876191897,-3016.509292346866,3688.5639902354446,0.0,-0.0,0.0,0.0,38.873703336603896,0.0,-2265.408903338137,-22.261999989322767,-1439.7667902445885
t1674,4732.443096374386,2895.8437335655512,-0.0,0.0,0.0,300.78938756300005,0.0,3236.8410302449433,-25.569560229359837,-11140.34768751852,2207.2643561037594,2597.549399118788,-0.0,0.0,0.0,85.92049231598243,0.0,-1698.0458536442957,-10.44793774673628,-3182.2404561474978,3032.473432563699,0.0,-0.0,0.0,0.0,41.02880689000158,0.0,-1538.7951766006481,-15.12162248262356,-1519.5854403704288
t1675,4732.443096374386,2895.8437335655512,-0.0,0.0,0.0,297.3793863435755,0.0,3112.559596075575,-24.17446630073424,-11014.051346058352,2111.57820977414,2705.431386729607,-0.0,0.0,0.0,84.93823200370065,0.0,-1745.348397482129,-10.738986443813145,-3145.8604445815054,2841.507820306693,0.0,-0.0,0.0,0.0,40.537770637328684,0.0,-1367.2111985934455,-13.435479856921095,-1501.398912493655
t1676,4732.443096374386,2895.8437335655512,-0.0,0.0,0.0,289.0044233486688,0.0,2814.231515962224,-27.655237818649802,-10703.867531432179,2627.9097879620144,346.48458821783134,-0.0,0.0,0.0,82.53715124034515,0.0,-0.0,-0.0,-3056.931527420191,2972.1147626544234,1289.343652526477,-0.0,0.0,0.0,39.392019381091934,0.0,-2814.231515962224,-27.655237818649802,-1458.9636807811828
t1677,4732.443096374386,2895.8437335655512,-0.0,0.0,0.0,276.45561886118645,0.0,2355.3168195915514,-20.962273533915358,-10239.096994858759,3443.4832815392947,0.0,-0.0,0.0,0.0,78.9628151039864,0.0,-594.2410722016208,-3.656316886609188,-2924.548707555052,3071.362648713718,65.63957890726272,-0.0,0.0,0.0,37.70067228855198,0.0,-1761.0757473899303,-17.305956647306168,-1396.3211958722954
t1678,4732.443096374386,2525.746574631069,-0.0,0.0,0.0,256.3775316812148,0.0,2000.5562468498592,-19.65931319524068,-9495.464136341288,1972.5983942298062,666.5006159079476,-0.0,0.0,0.0,73.23296328234261,0.0,-0.0,-0.0,-2712.3319734200963,3279.5447139602775,0.0,-0.0,0.0,0.0,34.94541331522076,0.0,-2000.5562468498592,-19.65931319524068,-1294.2745672303984
t1679,4732.443096374386,1326.9415455417034,-0.0,0.0,0.0,231.60728282331493,0.0,2307.493279357549,-20.43769212234487,-8578.047511974628,2996.3049166530477,0.0,-0.0,0.0,0.0,66.13886102697411,0.0,-609.1085370504109,-3.747795186125409,-2449.587445443485,2852.501517525841,0.0,-0.0,0.0,0.0,31.562719130140838,0.0,-1698.3847423071384,-16.689896936219462,-1168.9895974126237
t1680,4732.443096374386,0.0,-707.8130341642479,0.0,0.0,208.7466346482928,0.0,3529.78776552582,-31.807623558708254,-7731.356838825659,2936.972467332821,0.0,-0.0,0.0,0.0,59.61774395376996,0.0,-783.7035562961714,-4.822064110050504,-2208.064590880369,3798.425200008151,0.0,-0.0,0.0,0.0,28.452822863212532,0.0,-2746.0842092296484,-26.98555944865775,-1053.8082541930567
t1681,3952.275628352631,0.0,-135.01217151397302,0.0,0.0,21.505741023837448,0.0,3361.4422545261314,-31.631111109471753,-7168.580341279149,2425.061773498936,0.0,-0.0,0.0,0.0,6.142158619391709,0.0,-381.4705683372965,-2.347157317128066,-2047.3862064639027,3983.3452699517175,0.0,-0.0,0.0,0.0,2.931062076140036,0.0,-2979.971686188835,-29.283953792343688,-977.0206920466786
t1682,4732.443096374386,0.0,-0.0,0.0,0.0,185.39494629767353,0.0,1967.579475425097,-18.938025590729666,-6866.479492506427,2017.3123583372785,0.0,-0.0,0.0,0.0,52.96020183719337,0.0,-108.118359785272,-0.6652434561124563,-1961.4889569330876,2540.2634224365756,247.80521111104352,-0.0,0.0,0.0,25.261087220838736,0.0,-1859.4611156398248,-18.272782134617213,-935.5958229940272
t1683,4732.443096374386,0.0,-0.0,0.0,0.0,181.1938247953425,0.0,1815.0821521127993,-17.83667345502784,-6710.8823998275,1825.8342638934078,39.43057300350694,-0.0,0.0,0.0,51.75966145551562,0.0,-0.0,-0.0,-1917.0244983524303,2175.0736286928873,547.5351924200089,-0.0,0.0,0.0,24.688211592720364,0.0,-1815.0821521127993,-17.83667345502784,-914.3782071377913
t1684,4732.443096374386,0.0,-0.0,0.0,0.0,181.57574493191805,0.0,1828.9820151100976,-17.97326634536277,-6725.0275900710385,1627.5661316318567,241.63178873769243,-0.0,0.0,0.0,51.8688014902136,0.0,-0.0,-0.0,-1921.0667218597628,1163.4539632509782,1576.1405623535668,-0.0,0.0,0.0,24.770050968165844,0.0,-1828.9820151100976,-17.97326634536277,-917.4092951172535
t1685,4732.443096374386,0.0,-0.0,0.0,0.0,188.4503073902779,0.0,2079.1795490614654,-20.431938371391517,-6979.641014454738,1396.9840648927677,543.0093579842026,-0.0,0.0,0.0,53.83332211477718,0.0,-0.0,-0.0,-1993.8267449917475,712.9689511776583,2312.706597916476,-0.0,0.0,0.0,25.69756388988131,0.0,-2079.1795490614654,-20.431938371391517,-951.7616255511595
t1686,4732.443096374386,0.0,-0.0,0.0,0.0,209.37407487266694,0.0,2840.693471842019,-27.91527743474092,-7754.59536565433,1222.5824994305653,932.7472435731437,-0.0,0.0,0.0,59.80873901449143,0.0,-0.0,-0.0,-2215.138482018201,2500.054460252966,1396.8589689576538,-0.0,0.0,0.0,28.534662238658008,0.0,-2840.693471842019,-27.91527743474092,-1056.8393421725189
t1687,4732.443096374386,194.98781455812343,-0.0,0.0,0.0,246.63856819853828,0.0,4000.0,-39.307694,-9134.761785131048,1153.172654090578,1385.6327274949963,-0.0,0.0,0.0,70.44989239754419,0.0,-0.0,-0.0,-2609.255273983118,2874.0320428549276,2376.433744527975,-0.0,0.0,0.0,33.608703516277885,0.0,-4000.0,-39.307694,-1244.766796899181
t1688,4732.443096374386,518.3794395279278,-0.0,0.0,0.0,264.3978545493013,0.0,4318.560511870849,-41.267770866859614,-9792.513131455606,1325.1258399392575,1717.0885118615304,-0.0,0.0,0.0,75.52490401100013,0.0,-318.56051187084944,-1.9600768668596191,-2797.2186670740784,2965.489990852203,2373.4532546512046,-0.0,0.0,0.0,36.06388477964234,0.0,-4000.0,-39.307694,-1335.6994362830496
t1689,4868.288291033841,0.0,-150.67632124632632,0.0,0.0,29.63215281875051,0.0,5173.1481706125705,-43.008020301990854,-9877.384272916837,4956.792577124572,0.0,-0.0,0.0,0.0,8.46441602435422,0.0,-2130.675114700125,-13.109870330728024,-2821.4720081180735,4414.136859576322,0.0,-0.0,0.0,0.0,4.037409188643772,0.0,-3042.473055912446,-29.89814997126283,-1345.8030628812573
t1690,6045.177814736192,0.0,-2895.8437335655512,0.0,0.0,29.762490643137408,0.0,6794.046228277821,-52.31258571246325,-9920.830214379135,7873.506452785522,0.0,-1090.627150340095,0.0,0.0,8.500796035920212,0.0,-3933.578432333769,-24.202987507507444,-2833.598678640071,4236.387037272669,0.0,-0.0,0.0,0.0,4.055595716520545,0.0,-2860.4677959440514,-28.109598204955805,-1351.865238840182
t1691,6629.0606216690985,0.0,-2895.8437335655512,0.0,0.0,29.868579569963952,0.0,6245.15440149296,-52.04667917848332,-9956.193189987984,11886.991255657107,0.0,-6497.372320405344,0.0,0.0,8.534144379855706,0.0,-2537.8232666194704,-15.615019726913372,-2844.7147932852354,6548.201456645528,0.0,-1451.592361337601,0.0,0.0,4.070751156417857,0.0,-3707.3311348734887,-36.431659451569956,-1356.9170521392857
t1692,7382.882955758991,0.0,-2895.8437335655512,0.0,0.0,0.0,0.0,5459.5255345827445,-35.83824971386347,-9910.726507062322,14962.488501945352,0.0,-6497.372320405344,0.0,0.0,0.0,0.0,-5600.0922592666875,-34.4569112637488,-2830.5670110095716,6812.005144480982,0.0,-5599.325291874628,0.0,0.0,0.0,0.0,140.56672468394325,-1.381338450114672,-1351.865238840182
t1693,7333.511205443199,0.0,-2895.8437335655512,0.0,0.0,29.51697055533884,0.0,5412.010552055701,-40.20480937574047,-9838.990185112947,12853.582073683894,0.0,-6497.372320405344,0.0,0.0,8.431067680418726,0.0,-3532.5494386925634,-21.73548879349609,-2810.355893472909,5973.246434652751,0.0,-2737.579673302121,0.0,0.0,4.025284836725922,0.0,-1879.4611133631374,-18.46932058224438,-1341.7616122419743
t1694,7026.443002259617,0.0,-2895.8437335655512,0.0,0.0,29.359352721196547,0.0,5668.800259057137,-42.30797340688246,-9786.450907065517,10931.02602659803,0.0,-4474.830006835083,0.0,0.0,8.385592665961237,0.0,-3646.9447035734033,-22.439353535093808,-2795.1975553204124,3372.4091817578815,0.0,-0.0,0.0,0.0,4.004067220869687,0.0,-2021.8555554837333,-19.868619871788656,-1334.689073623229
t1695,6794.165384518963,0.0,-2895.8437335655512,0.0,0.0,29.122925969983115,0.0,5824.1264233413585,-43.92901027036899,-9707.641989994372,7904.892306773668,0.0,-1496.7847445233242,0.0,0.0,8.318895978090252,0.0,-3621.1803049084438,-22.2808272899068,-2772.965326030084,3544.1986605254815,0.0,-0.0,0.0,0.0,3.970725253095601,0.0,-2202.9461184329143,-21.648182980462188,-1323.5750843652006
t1696,4908.026529092853,0.0,-0.0,0.0,0.0,29.368446057781682,0.0,4892.14047596627,-40.053431856356944,-9789.48201926056,4984.499268498631,0.0,-0.0,0.0,0.0,8.388624333591737,0.0,-2183.2464441984093,-13.433337436567607,-2796.2081111972457,4066.1991325900094,0.0,-0.0,0.0,0.0,4.004067220869687,0.0,-2708.8940317678607,-26.620094419789336,-1334.689073623229
t1697,4733.647285406479,1685.1322506876993,-0.0,0.0,0.0,288.0223429974746,0.0,4000.0,-39.307694,-10667.494185091651,1714.9729674713399,1249.58870002692,-0.0,0.0,0.0,82.26430115360021,0.0,-0.0,-0.0,-3046.8259686518595,2387.221571434983,3066.74236962508,-0.0,0.0,0.0,39.255620422016136,0.0,-4000.0,-39.307694,-1453.911867482079
t1698,4732.443096374386,2493.4539224209952,-0.0,0.0,0.0,310.419231006655,0.0,4000.0,-39.307694,-11497.008555802036,1194.323109275283,2001.3072122402527,-0.0,0.0,0.0,88.67627819210634,0.0,-0.0,-0.0,-3284.306599707643,2025.6775929112382,3538.3916293654524,-0.0,0.0,0.0,42.31095710531414,0.0,-4000.0,-39.307694,-1567.0724853820047
t1699,4732.443096374386,2451.181021378179,-0.0,0.0,0.0,309.246190587173,0.0,4000.0,-39.307694,-11453.562614339739,1138.6255246114902,2044.222275617984,-0.0,0.0,0.0,88.32157307933794,0.0,-0.0,-0.0,-3271.1693733088123,1217.0940680266876,4341.076657041969,-0.0,0.0,0.0,42.147278354423165,0.0,-4000.0,-39.307694,-1561.0103094230801
t1700,4732.443096374386,2189.6788893458756,-0.0,0.0,0.0,301.9897079922375,0.0,4000.0,-39.307694,-11184.8039997125,1138.6255246114902,1969.4936896379284,-0.0,0.0,0.0,86.24791242007636,0.0,-0.0,-0.0,-3194.367126669495,836.5576052028489,4686.222136617606,-0.0,0.0,0.0,41.165205849077374,0.0,-4000.0,-39.307694,-1524.6372536695326
t1701,4732.443096374386,1756.1358809765331,-0.0,0.0,0.0,289.9592236901077,0.0,4000.0,-39.307694,-10739.230507041026,1139.5997789788762,1844.627305882556,-0.0,0.0,0.0,82.81000132709009,0.0,-0.0,-0.0,-3067.0370861885217,492.3179396349475,4971.476830105171,-0.0,0.0,0.0,39.52841834016775,0.0,-4000.0,-39.307694,-1464.0154940802868
t1702,4732.443096374386,1034.547291082884,-0.0,0.0,0.0,269.9356965296467,0.0,4000.0,-39.307694,-9997.618389986917,1145.123375705563,1633.6000977107158,-0.0,0.0,0.0,77.1074345141208,0.0,-0.0,-0.0,-2855.8309079303995,523.8959737531368,4841.590509186422,-0.0,0.0,0.0,36.80043915865167,0.0,-4000.0,-39.307694,-1362.9792280982103
t1703,4732.443096374386,64.23674854197259,-0.0,0.0,0.0,243.0103269010706,0.0,4000.0,-39.307694,-9000.38247781743,1141.036098676228,1361.388260787477,-0.0,0.0,0.0,69.4403470765879,0.0,-0.0,-0.0,-2571.8647065402924,368.82941963098824,4864.923958995819,-0.0,0.0,0.0,33.14494705542015,0.0,-4000.0,-39.307694,-1227.590631682228
t1704,4732.443096374386,0.0,-0.0,0.0,0.0,218.73111821876788,0.0,3181.2401152758325,-31.261803247946794,-8101.152526621032,1140.9897376063318,1109.7172796087646,-0.0,0.0,0.0,62.455384855917366,0.0,-0.0,-0.0,-2313.1624020710137,354.2784324554122,3932.733060798488,-0.0,0.0,0.0,29.81681245397056,0.0,-3181.2401152758325,-31.261803247946794,-1104.3263871840948
t1705,4732.443096374386,0.0,-0.0,0.0,0.0,202.1721522972423,0.0,2578.581769607252,-25.339525788425092,-7487.857492490455,1140.1365483420013,940.4646086816524,-0.0,0.0,0.0,57.73507835522986,0.0,-0.0,-0.0,-2138.336235378884,383.83101669085374,3213.003975390481,-0.0,0.0,0.0,27.55258973331223,0.0,-2578.581769607252,-25.339525788425092,-1020.4662864189715
t1706,4732.443096374386,0.0,-0.0,0.0,0.0,194.09726940964498,0.0,2284.6989519500894,-22.451561821343702,-7188.787755912776,1138.6255246114902,859.3808794868391,-0.0,0.0,0.0,55.44313762657235,0.0,-0.0,-0.0,-2053.449541724902,393.48690980885345,2866.2709030600104,-0.0,0.0,0.0,26.434118268890643,0.0,-2284.6989519500894,-22.451561821343702,-979.0414173663202
t1707,4732.443096374386,0.0,-0.0,0.0,0.0,190.9055082682636,0.0,2168.5358111869546,-21.31003552354464,-7070.574380306059,1165.0508529243536,799.524341656582,-0.0,0.0,0.0,54.515447331639535,0.0,-0.0,-0.0,-2019.0906419125754,399.15915249114215,2728.5477502967015,-0.0,0.0,0.0,26.024921391663234,0.0,-2168.5358111869546,-21.31003552354464,-963.8859774690087
t1708,4732.443096374386,0.0,-0.0,0.0,0.0,190.57814815119883,0.0,2156.6216429035553,-21.192955903257555,-7058.449931525883,1159.8345158681534,801.7908661083067,-0.0,0.0,0.0,54.43359230561605,0.0,-0.0,-0.0,-2016.058974282076,428.721118775217,2684.9883703729297,-0.0,0.0,0.0,25.970361808032916,0.0,-2156.6216429035553,-21.192955903257555,-961.8652521493672
t1709,4732.443096374386,0.0,-0.0,0.0,0.0,197.23447053151554,0.0,2398.876397999325,-23.573574849094918,-7304.980390056131,1212.8493847472519,817.604958000312,-0.0,0.0,0.0,56.34354291283066,0.0,-0.0,-0.0,-2086.7978856603945,372.4726279720064,3018.3139698619316,-0.0,0.0,0.0,26.870594937933216,0.0,-2398.876397999325,-23.573574849094918,-995.2072199234524
t1710,4732.443096374386,0.0,-0.0,0.0,0.0,218.02183796512756,0.0,3155.4260839951285,-31.0081307373247,-8074.882887597317,1161.419123799217,1082.4049973387682,-0.0,0.0,0.0,62.2643897951959,0.0,-0.0,-0.0,-2306.0885109331816,538.1185620715564,3719.8759787870063,-0.0,0.0,0.0,29.73497307852508,0.0,-3155.4260839951285,-31.0081307373247,-1101.2952992046326
t1711,4732.443096374386,1952.8310829881202,-0.0,0.0,0.0,254.74073109589102,0.0,2519.167374807472,-24.340392825460345,-9434.841892440409,1214.3103631585923,1520.815089303956,-0.0,0.0,0.0,72.74183312620173,0.0,-113.0298544690349,-0.6954634826148326,-2694.1419676371,488.74093515664464,3192.50600549577,-0.0,0.0,0.0,34.72717498069947,0.0,-2406.1375203384364,-23.64492934284551,-1286.1916659518322
t1712,4732.443096374386,1206.5881674199286,-0.0,0.0,0.0,274.70969823684123,0.0,4000.0,-39.307694,-10174.433268031155,1363.3379999435579,1463.5657460124937,-0.0,0.0,0.0,78.444399939171,0.0,-0.0,-0.0,-2905.3481458952224,580.3946434682407,4808.685828303453,-0.0,0.0,0.0,37.455154162215536,0.0,-4000.0,-39.307694,-1387.2279319339086
t1713,7671.868523712128,0.0,-0.0,0.0,0.0,279.01993977819376,0.0,2397.937695354079,-14.754315207591482,-10334.071843636806,4308.713182983661,976.1130334693596,-0.0,0.0,0.0,79.69951033819774,0.0,-2397.937695354079,-14.754315207591482,-2951.833716229546,754.2993736665786,616.118144333232,-0.0,0.0,0.0,38.02802979033392,0.0,-0.0,-0.0,-1408.4455477901447
t1714,9564.853682161505,0.0,-1781.5177822846945,0.0,0.0,31.25682895529412,0.0,2628.342838530777,-23.99258226484258,-10418.94298509804,6104.089153568447,0.0,-0.0,0.0,0.0,8.928261171820624,0.0,-3117.7471135732994,-19.183243893426756,-2976.087057273541,897.6195757447717,0.0,-0.0,0.0,0.0,38.355387292115836,0.0,489.40427504252216,-4.809338371415824,-1420.569899707994
t1715,9392.16838228869,0.0,-2895.8437335655512,0.0,0.0,31.43263346260667,0.0,3976.0312137562455,-26.244008406432236,-10477.544487535557,7095.838494433455,0.0,-0.0,0.0,0.0,8.976767853908612,0.0,-4087.409811538,-25.149499446493664,-2992.255951302871,1279.7950865381065,0.0,-0.0,0.0,0.0,38.57362562663712,0.0,111.37859778175486,-1.0945089599385744,-1428.65280098656
t1716,10277.888127357353,0.0,-2895.8437335655512,0.0,0.0,31.42354012602154,0.0,3079.9964083032705,-18.950966880582744,-10474.513375340513,7073.111495857909,0.0,-991.8924614342961,0.0,0.0,8.973736186278114,0.0,-3079.9964083032705,-18.950966880582744,-2991.2453954260377,1772.2718536977911,0.0,-347.9050111141907,0.0,0.0,4.28595840295968,0.0,-0.0,-0.0,-1428.65280098656
t1717,10128.568687377887,0.0,-2895.8437335655512,0.0,0.0,31.25076673090403,0.0,3173.0067240266253,-20.06020093518959,-10416.922243634677,7209.638161610746,0.0,-1016.1409849245296,0.0,0.0,8.928261171820624,0.0,-3206.608380557508,-19.73000002698733,-2976.087057273541,1347.959973925192,0.0,-0.0,0.0,0.0,38.328107500300675,0.0,33.60165653088289,-0.3302009082022616,-1419.559537048173
t1718,10146.631522859276,0.0,-2895.8437335655512,0.0,0.0,31.102242233346875,0.0,3107.6833409038,-22.159294648580666,-10367.41407778229,7860.971274041917,0.0,-2614.0914357415536,0.0,0.0,8.882786157363133,0.0,-2280.800326811041,-14.0335785256417,-2960.928719121044,2244.2655992216787,0.0,-0.0,0.0,0.0,4.240492083267745,0.0,-826.883014092759,-8.125716122938965,-1413.4973610892484
t1719,9650.505641637174,0.0,-2895.8437335655512,0.0,0.0,30.826411023597863,0.0,3516.6824002157446,-26.700378111676482,-10275.470341199289,7816.64580408163,0.0,-2737.8749671174605,0.0,0.0,8.80699446660065,0.0,-2138.7534336616386,-13.159575568915221,-2935.6648222002163,2788.638659240753,0.0,-0.0,0.0,0.0,4.204119027514198,0.0,-1377.9289665541062,-13.540802542761261,-1401.3730091713994
t1720,8071.813820563933,0.0,-1418.3294405624326,0.0,0.0,31.105273345541917,0.0,3710.179102394042,-26.34430722711252,-10368.424448513972,5722.204884782522,0.0,-0.0,0.0,0.0,8.882786157363133,0.0,-2753.21862202484,-16.940329794001144,-2960.928719121044,2375.6213268083116,0.0,-0.0,0.0,0.0,4.240492083267745,0.0,-956.9604803692017,-9.403977433111377,-1413.4973610892484
t1721,4732.443096374386,2895.8437335655512,-0.0,0.0,0.0,301.5532278361511,0.0,3270.9413001591633,-32.143289929654635,-11168.638068005597,1520.207011041046,1583.9791197357383,-0.0,0.0,0.0,86.1387723853784,0.0,-0.0,-0.0,-3190.3249031621626,2473.8952448840096,2310.6952272892527,-0.0,0.0,0.0,41.11064626544706,0.0,-3270.9413001591633,-32.143289929654635,-1522.616528349891
t1722,4732.443096374386,2705.8015183569746,-0.0,0.0,0.0,316.31171311382053,0.0,4000.000000000023,-39.307694000000225,-11715.248633845205,1475.4774100212176,1780.132434451995,-0.0,0.0,0.0,90.34066372125051,0.0,-0.0,-0.0,-3345.950508194463,2674.569186542405,2918.009438906471,-0.0,0.0,0.0,43.10207106795379,0.0,-4000.000000000023,-39.307694000000225,-1596.3730025168068
t1723,4732.443096374386,2739.7619781760536,-0.0,0.0,0.0,313.17451199195,0.0,3851.5250552355965,-37.84864207613347,-11599.055999701852,1605.0146626502403,1619.130514041896,-0.0,0.0,0.0,89.4675434436667,0.0,-0.0,-0.0,-3313.6127201358036,2394.818301751629,3033.0800839888702,-0.0,0.0,0.0,42.69287419072638,0.0,-3851.5250552355965,-37.84864207613347,-1581.2175626194953
t1724,4732.443096374386,2250.6305141052576,-0.0,0.0,0.0,303.68106859707206,0.0,4000.000000000028,-39.30769400000028,-11247.446985076744,2033.1105872006544,1093.6907735437783,-0.0,0.0,0.0,86.76632758489177,0.0,-0.0,-0.0,-3213.5676883293245,3387.268812536255,2144.3586750963027,-0.0,0.0,0.0,41.41072397541382,0.0,-4000.000000000028,-39.30769400000028,-1533.7305176079194
t1725,4732.443096374386,2895.843733565551,-0.0,0.0,0.0,290.28658380717246,0.0,2861.1610866401625,-28.379544566071598,-10751.354955821202,2763.5281347823898,152.57103060457166,-0.0,0.0,0.0,82.91914136178808,0.0,71.6203289004368,0.4406740466675823,-3071.079309695854,4141.876271123557,246.1786045059163,-0.0,0.0,0.0,39.58297792379806,0.0,-2932.7814155405995,-28.82021861273918,-1466.0362193999283
t1726,4732.443096374386,465.9984856162929,-0.0,0.0,0.0,269.06273621747414,0.0,4540.034485807545,-42.25227744258253,-9965.286526573114,3416.805419775409,0.0,-0.0,0.0,0.0,76.86186943605034,0.0,-642.975210107235,-3.9561740653101816,-2846.7359050389014,5257.601836545119,0.0,-0.0,0.0,0.0,36.69131999139104,0.0,-3897.0592757003096,-38.29610337727235,-1358.9377774589273
t1727,4732.443096374386,1009.6814064815411,-0.0,0.0,0.0,239.62760569140147,0.0,2919.1808730622747,-25.836474520660754,-8875.096507088943,3247.545140188141,0.0,-0.0,0.0,0.0,68.4580867643061,0.0,-775.7454335487918,-4.773098429372881,-2535.4846949743,3341.249008607478,0.0,-0.0,0.0,0.0,32.65391080274726,0.0,-2143.4354395134833,-21.063376091287875,-1209.4041038054543
t1728,4034.0095045819016,0.0,-0.0,0.0,0.0,23.718452926219594,0.0,3880.8007134062905,-32.37769550788071,-7906.150975406532,3828.860906868055,0.0,-0.0,0.0,0.0,6.775777154166075,0.0,-1567.4002135294666,-9.644085770729404,-2258.592384722025,3410.956896768643,0.0,-0.0,0.0,0.0,3.234170874086265,0.0,-2313.4004998768237,-22.733609737151305,-1078.056958028755
t1729,2720.3961881096384,0.0,-0.0,0.0,0.0,21.878567823827865,0.0,4586.757906075435,-36.176720732947764,-7292.855941275955,4513.0149199664465,0.0,-0.0,0.0,0.0,6.248266986459186,0.0,-2421.6075707778637,-14.899954021979173,-2082.755662153062,3177.6413687003824,0.0,-0.0,0.0,0.0,2.9825905717908947,0.0,-2165.1503352975724,-21.276766710968595,-994.1968572636316
t1730,2190.280710001703,0.0,-52.196677539378825,0.0,0.0,20.851020789707935,0.0,4832.461152091897,-41.055942107951374,-6950.3402632359785,3740.3051630021514,0.0,-0.0,0.0,0.0,5.954195226300749,0.0,-1750.7553610780512,-10.77225505015132,-1984.7317421002494,4056.866492458787,0.0,-0.0,0.0,0.0,2.8431605247356293,0.0,-3081.705791013846,-30.283687057800055,-947.7201749118765
t1731,2189.447534870015,0.0,-0.0,0.0,0.0,20.235705014113996,0.0,4574.108192782794,-38.5564279622575,-6745.235004704666,3672.1135228320427,0.0,-0.0,0.0,0.0,5.781390171362284,0.0,-1740.0584182499128,-10.706437632730626,-1927.1300571207614,3778.5714952379926,0.0,-0.0,0.0,0.0,2.758290061310685,0.0,-2834.049774532881,-27.849990329526875,-919.430020436895
t1732,2190.280710001703,0.0,-74.74089544794998,0.0,0.0,20.093242740946927,0.0,4597.822063630582,-35.70754060963928,-6697.747580315642,4502.014809006601,0.0,-0.0,0.0,0.0,5.738946824535295,0.0,-2578.9036967207667,-15.867784265271592,-1912.982274845098,2948.378532626878,0.0,-0.0,0.0,0.0,2.737072445454449,0.0,-2018.9183669098152,-19.839756344367682,-912.3574818181497
t1733,2190.280710001703,0.0,-2130.031369471418,0.0,0.0,20.68127850678547,0.0,6863.929740649507,-51.10085742475272,-6893.759502261823,6440.34787124884,0.0,-0.0,0.0,0.0,5.905688544212758,0.0,-4450.308327284481,-27.38238443765274,-1968.5628480709195,3374.1582481645355,0.0,-0.0,0.0,0.0,2.8189118208999306,0.0,-2413.6214133650255,-23.71847298709998,-939.6372736333103
t1734,3463.44418127967,0.0,-0.0,0.0,0.0,22.82427482868161,0.0,4156.52062022767,-34.697466775486795,-7608.091609560535,3849.9454827151144,0.0,-0.0,0.0,0.0,6.518085405573629,0.0,-1673.4716979598745,-10.296734969603724,-2172.69513519121,3540.971846782854,0.0,-0.0,0.0,0.0,3.1098962669283106,0.0,-2483.0489222677957,-24.400731805883073,-1036.6320889761037
t1735,4680.0869871831255,478.7228391060133,-0.0,0.0,0.0,241.86456649134396,0.0,3586.233194372867,-28.960680066536543,-8957.946907086813,4209.728070425601,0.0,-0.0,0.0,0.0,69.08564196381947,0.0,-1709.5674033449202,-10.518828903037923,-2558.727480141462,3083.6548296102196,0.0,-0.0,0.0,0.0,32.981268304529195,0.0,-1876.6657910279464,-18.44185116349862,-1221.5284557233035
t1736,4185.209631471984,0.0,-0.0,0.0,0.0,28.986525921206134,0.0,5495.820462542878,-47.84131286735715,-9662.175307068712,4440.068746048099,0.0,-0.0,0.0,0.0,8.279484298893761,0.0,-1678.1943377285343,-10.325792987205146,-2759.8280996312533,5167.694682803713,0.0,-0.0,0.0,0.0,3.949507637239366,0.0,-3817.6261248143437,-37.51551988015201,-1316.5025457464553
t1737,4209.078216146419,1431.5756737910704,-0.0,0.0,0.0,263.9068143737042,0.0,3896.705825854612,-26.94007188046485,-9774.32645828534,5825.757809514576,0.0,-0.0,0.0,0.0,75.38847896762763,0.0,-3089.968079034391,-19.012321757900164,-2792.165887689913,2111.351799842177,0.0,-0.0,0.0,0.0,35.98204540419686,0.0,-806.7377468202214,-7.927750122564683,-1332.6683483035874
t1738,3459.635089201693,0.0,-1931.4453532182051,0.0,0.0,29.42906830168256,0.0,8312.07613642787,-60.005506818852226,-9809.689433894187,9652.720744898708,0.0,-922.5538936298383,0.0,0.0,8.406814339374732,0.0,-5900.0,-36.30221915,-2802.271446458244,3768.479093642762,0.0,-0.0,0.0,0.0,4.010129396828611,0.0,-2412.076136427868,-23.703287668852223,-1336.7097989428705
t1739,6155.814332056754,0.0,-2895.8437335655512,0.0,0.0,29.550312789484323,0.0,6608.355907415342,-47.77255553458644,-9850.104263161442,14004.703842526971,0.0,-6497.372320405344,0.0,0.0,8.443194350940724,0.0,-4672.626310622115,-28.750288870213556,-2814.3981169802414,6137.448997627356,0.0,-2843.9534751926667,0.0,0.0,4.028315924705385,0.0,-1935.7295967932266,-19.022266664372882,-1342.7719749017951
t1740,6454.453212015689,0.0,-2895.8437335655512,0.0,0.0,0.0,0.0,6326.940663441575,-40.49773238867961,-9845.052409503034,15246.05154478192,0.0,-6497.372320405344,0.0,0.0,0.0,0.0,-5900.0,-36.30221915,-2812.3770052265754,7372.223080796859,0.0,-5599.325291874628,0.0,0.0,0.0,0.0,-426.9406634415759,-4.195513238679612,-1341.7616122419743
t1741,6016.1284043340265,0.0,-2895.8437335655512,0.0,0.0,0.0,0.0,6732.8812720894375,-44.486879695405584,-9808.679063162506,15234.935430136755,0.0,-6497.372320405344,0.0,0.0,0.0,0.0,-5900.0,-36.30221915,-2801.260890581411,7777.101023452341,0.0,-5599.325291874628,0.0,0.0,0.0,0.0,-832.8812720894364,-8.184660545405576,-1336.7097989428705
t1742,4709.583304513687,0.0,-2895.8437335655512,0.0,0.0,0.0,0.0,8073.821474057904,-57.66419647822426,-9829.896848527815,15242.009321274587,0.0,-6497.372320405344,0.0,0.0,0.0,0.0,-5900.0,-36.30221915,-2808.334781719243,9135.259992842912,0.0,-5599.325291874628,0.0,0.0,0.0,0.0,-2173.821474057904,-21.361977328224256,-1340.7512495821536
t1743,3729.373432390408,0.0,-2895.8437335655512,0.0,0.0,0.0,0.0,9046.412622555663,-67.22177529128886,-9812.720546089231,15236.956541890422,0.0,-6497.372320405344,0.0,0.0,0.0,0.0,-5900.0,-36.30221915,-2803.2820023350773,10114.377632174272,0.0,-5599.325291874628,0.0,0.0,0.0,0.0,-3146.4126225556624,-30.919556141288865,-1337.7201616026912
t1744,2348.168612580335,0.0,-2225.0799570031018,0.0,0.0,29.93223292605988,0.0,9900.0,-75.60991315,-9977.410975353292,14746.233902065793,0.0,-5968.713412964398,0.0,0.0,8.549302718008203,0.0,-5900.0,-36.30221915,-2849.767572669401,8661.174255957529,0.0,-3265.9982662591365,0.0,0.0,4.0798444203562445,0.0,-4000.0,-39.307694,-1359.9481401187481
t1745,0.0,813.6346151107006,-0.0,0.0,0.0,295.19698556314376,0.0,9900.0,-75.60991315,-10933.221687523845,11115.382919297545,0.0,-2064.823369502241,0.0,0.0,9.370884645873529,0.0,-5900.0,-36.30221915,-3123.6282152911767,8779.829513813429,0.0,-3254.707751347509,0.0,0.0,4.47085476970688,0.0,-4000.0,-39.307694,-1490.2849232356266
t1746,0.0,1561.7666544963474,-0.0,0.0,0.0,315.95707298700046,0.0,9900.0,-75.60991315,-11702.113814333348,11159.389739749538,0.0,-1890.1974365572664,0.0,0.0,10.028756521691891,0.0,-5900.0,-36.30221915,-3342.918840563964,9758.774735309014,0.0,-4128.890489371599,0.0,0.0,4.786087919570958,0.0,-4000.0,-39.307694,-1595.362639856986
t1747,0.0,1562.7497452182731,-0.0,0.0,0.0,315.9843529967558,0.0,9900.0,-75.60991315,-11703.12418506503,11089.159639422169,0.0,-1819.9673362298965,0.0,0.0,10.028756521691891,0.0,-5900.0,-36.30221915,-3342.918840563964,10728.477960026019,0.0,-5098.593714088604,0.0,0.0,4.786087919570958,0.0,-4000.0,-39.307694,-1595.362639856986
t1748,0.0,1344.5036049507148,-0.0,0.0,0.0,309.92819083105786,0.0,9900.0,-75.60991315,-11478.821882631772,10918.48498885663,0.0,-1712.7667108441215,0.0,0.0,9.837761460970432,0.0,-5900.0,-36.30221915,-3279.253820323477,11203.684745936993,0.0,-5599.325291874628,0.0,0.0,0.0,0.0,-4000.0,-39.307694,-1565.0517600623632
t1749,0.0,966.0136770092205,-0.0,0.0,0.0,299.4253870752302,0.0,9900.0,-75.60991315,-11089.829150934453,11105.548759158528,0.0,-2010.6581441583096,0.0,0.0,9.504278021615502,0.0,-5900.0,-36.30221915,-3168.092673871834,11150.13552496649,0.0,-5599.325291874628,0.0,0.0,0.0,0.0,-4000.0,-39.307694,-1511.5025390918627
t1750,0.0,259.1714479444658,-0.0,0.0,0.0,279.8110600611003,0.0,9900.0,-75.60991315,-10363.372594855566,11093.167139576639,0.0,-2204.818987462957,0.0,0.0,8.882786157363133,0.0,-5900.0,-36.30221915,-2960.928719121044,11051.119984304056,0.0,-5599.325291874628,0.0,0.0,0.0,0.0,-4000.0,-39.307694,-1412.4869984294278
t1751,0.0,0.0,-475.27107839763084,0.0,0.0,28.131752282203717,0.0,9900.0,-75.60991315,-9377.250760734572,10483.33379413576,0.0,-1877.092420598812,0.0,0.0,8.03391922082331,0.0,-5900.0,-36.30221915,-2677.9730736077704,10916.741750547895,0.0,-5599.325291874628,0.0,0.0,0.0,0.0,-4000.0,-39.307694,-1278.1087646732663
t1752,0.0,0.0,-1387.9207736522208,0.0,0.0,25.385564633493818,0.0,9900.0,-75.60991315,-8461.854877831272,10804.44802242778,0.0,-2458.1478948651084,0.0,0.0,7.251748972154475,0.0,-5900.0,-36.30221915,-2417.2496573848252,10791.45678073012,0.0,-5599.325291874628,0.0,0.0,0.0,0.0,-4000.0,-39.307694,-1152.8237948554915
t1753,0.0,0.0,-1943.9722436086608,0.0,0.0,23.71239070182951,0.0,9900.0,-75.60991315,-7904.1302339431695,10697.714537066548,0.0,-2510.603234557889,0.0,0.0,6.772745486535577,0.0,-5900.0,-36.30221915,-2257.581828845192,10715.679581243563,0.0,-5599.325291874628,0.0,0.0,0.0,0.0,-4000.0,-39.307694,-1077.0465953689343
t1754,0.0,0.0,-2215.953940869962,0.0,0.0,22.89399040916762,0.0,9900.0,-75.60991315,-7631.330136389206,9660.19367002673,0.0,-1550.6617316266756,0.0,0.0,6.539307078987126,0.0,-5900.0,-36.30221915,-2179.769026329042,10058.030939941029,0.0,-4981.171726944488,0.0,0.0,3.1220206188461606,0.0,-4000.0,-39.307694,-1040.6735396153867
t1755,0.0,0.0,-1504.590077761511,0.0,0.0,22.54238139454251,0.0,9066.65725101406,-70.48242313292356,-7514.127131514169,7237.813400493354,0.0,-0.0,0.0,0.0,6.439262047180647,0.0,-5066.657251014061,-31.174729132923567,-2146.4206823935488,9633.55699919522,0.0,-4572.81509134814,0.0,0.0,3.0735232111747632,0.0,-4000.0,-39.307694,-1024.5077370582544
t1756,0.0,0.0,-1974.5486066433166,0.0,0.0,22.575723628687992,0.0,9550.674635227868,-73.4605426505743,-7525.241209562664,7727.831476852417,0.0,-0.0,0.0,0.0,6.448357050072144,0.0,-5550.674635227867,-34.15284865057429,-2149.452350024048,9368.851471728773,0.0,-4307.102232309851,0.0,0.0,3.0765542991542256,0.0,-4000.0,-39.307694,-1025.5180997180753
t1757,0.0,0.0,-2047.7282244157493,0.0,0.0,23.400186145739976,0.0,9900.0,-75.60991315,-7800.062048579991,8905.276547868345,0.0,-748.3909716357662,0.0,0.0,6.681795457620595,0.0,-5900.0,-36.30221915,-2227.2651525401984,9223.97871032044,0.0,-4124.958202743392,0.0,0.0,3.1887045543943304,0.0,-4000.0,-39.307694,-1062.9015181314435
t1758,0.0,0.0,-679.5782305818248,0.0,0.0,25.861449248115733,0.0,9346.403543309045,-72.20367927009177,-8620.483082705243,7833.628502196722,0.0,-0.0,0.0,0.0,7.385142347896447,0.0,-5346.403543309045,-32.89598527009177,-2461.7141159654825,9215.799301831434,0.0,-4004.9649897799995,0.0,0.0,3.525155320114645,0.0,-4000.0,-39.307694,-1175.0517733715483
t1759,0.0,0.0,-0.0,0.0,0.0,270.9177768808411,0.0,9838.304263759721,-75.23030431311606,-10033.991736327447,6600.299976701025,2062.4830794696736,-0.0,0.0,0.0,77.38028460086572,0.0,-5838.304263759722,-35.92261031311607,-2865.936466698731,7972.96834840404,0.0,-2569.7337061309186,0.0,0.0,4.104093124191942,0.0,-4000.0,-39.307694,-1368.031041397314
t1760,0.0,2895.8437335655512,-0.0,0.0,0.0,289.0044233486688,0.0,7580.3567115651485,-61.337337047188356,-10703.867531432179,4008.8319713883384,2567.9487594038455,-0.0,0.0,0.0,82.53715124034515,0.0,-3580.3567115651476,-22.02964304718836,-3056.931527420191,5658.219058573233,0.0,-164.324574834394,0.0,0.0,4.376891042343549,0.0,-4000.0,-39.307694,-1458.9636807811828
t1761,3003.2474460386434,0.0,-0.0,0.0,0.0,290.0137837096185,0.0,7508.887612260022,-60.897593503895514,-10741.251248504388,6503.333122501942,12.354744991565951,-0.0,0.0,0.0,82.83728633576459,0.0,-3508.8876122600223,-21.58989950389552,-3068.047642065355,5473.137552221199,25.793589376846615,-0.0,0.0,0.0,4.39204648224086,0.0,-4000.0,-39.307694,-1464.0154940802868
t1762,5438.117668929636,0.0,-2895.8437335655512,0.0,0.0,32.12675815527176,0.0,8199.66659183798,-65.14790026675185,-10708.919385090585,10576.01180384356,0.0,-3300.7292244824935,0.0,0.0,9.17685791752157,0.0,-4199.66659183798,-25.840206266751856,-3058.952639173857,6358.147815527864,0.0,-863.2460002171829,0.0,0.0,4.379922130323012,0.0,-4000.0,-39.307694,-1459.9740434410037
t1763,7522.568883481718,0.0,-2895.8437335655512,0.0,0.0,31.975202545519554,0.0,6051.631712765493,-51.93121672066149,-10658.400848506519,10925.041615755274,0.0,-5825.115937941619,0.0,0.0,9.13441457069458,0.0,-2051.631712765494,-12.623522720661493,-3044.804856898193,10921.973982760164,0.0,-5433.116156880532,0.0,0.0,4.361735602446237,0.0,-4000.0,-39.307694,-1453.911867482079
t1764,8159.58488145864,0.0,-2895.8437335655512,0.0,0.0,31.58722018455392,0.0,5280.699787256653,-46.95476048299005,-10529.073394851306,10848.146070382849,0.0,-6497.372320405344,0.0,0.0,9.022242868366105,0.0,-1344.111494907425,-8.27020848307855,-3007.414289455368,10217.152725049385,0.0,-4810.461717113757,0.0,0.0,4.307176018815916,0.0,-3936.588292349228,-38.6845519999115,-1435.7253396053054
t1765,8237.857168544651,0.0,-2895.8437335655512,0.0,0.0,31.147708916272535,0.0,5055.208802625172,-45.80030776303527,-10382.569638757512,9389.724701483781,0.0,-5370.939731085878,0.0,0.0,8.89794449551563,0.0,-1055.2088026251724,-6.492613763035273,-2965.98149850521,10072.567249845153,0.0,-4621.988023695491,0.0,0.0,4.24655425922667,0.0,-4000.0,-39.307694,-1415.51808640889
t1766,4177.331752328811,0.0,-0.0,0.0,0.0,278.1469794660211,0.0,5897.242521034834,-50.98127260666186,-10301.739980223003,4796.579890050779,-24.3790223313664,-0.0,0.0,0.0,79.4539452601273,0.0,-1897.242521034833,-11.673578606661863,-2942.738713338048,8767.690296968885,0.0,-3328.1917181094764,0.0,0.0,4.213212291452585,0.0,-4000.0,-39.307694,-1404.4040971508616
t1767,6225.6572959181185,0.0,-2895.8437335655512,0.0,0.0,30.683948750430794,0.0,6924.789088599105,-57.30368289183957,-10227.982916810264,7061.292171549658,0.0,-1205.7546052539346,0.0,0.0,8.764551119773659,0.0,-2924.7890885991046,-17.99598889183957,-2921.5170399245526,7480.262257363866,0.0,-2050.8369942228715,0.0,0.0,4.182901411657962,0.0,-4000.0,-39.307694,-1394.3004705526541
t1768,4175.273054709263,0.0,-0.0,0.0,0.0,31.105273345541917,0.0,6214.982420773116,-52.93630031394969,-10368.424448513972,5180.656960050746,0.0,-0.0,0.0,0.0,8.882786157363133,0.0,-2214.982420773116,-13.628606313949687,-2960.928719121044,5956.170303063062,0.0,-507.60574005708213,0.0,0.0,4.240492083267745,0.0,-4000.0,-39.307694,-1413.4973610892484
t1769,1342.3377821789288,2895.8437335655512,-0.0,0.0,0.0,307.14562983600734,0.0,6887.5112377333935,-57.0743153136077,-11375.764068000273,2484.7625511594756,3582.7144198856663,-0.0,0.0,0.0,87.74858789717356,0.0,-2887.511237733394,-17.766621313607697,-3249.947699895317,5759.7697555709665,0.0,-174.2080987945691,0.0,0.0,4.652720048474617,0.0,-4000.0,-39.307694,-1550.9066828248724
t1770,766.6038375701689,2891.9113706778476,-0.0,0.0,0.0,328.12395733790714,0.0,8231.44341555055,-65.34342047324417,-12152.739160663228,1138.6255246114902,6497.372320405344,-0.0,0.0,0.0,93.75128980556228,0.0,-4231.443415550549,-26.035726473244164,-3472.269992798603,3906.4538940887896,1784.8775777309452,-0.0,0.0,0.0,4.970984286318158,0.0,-4000.0,-39.307694,-1656.9947621060526
t1771,766.6038375701689,2895.8437335655512,-0.0,0.0,0.0,328.23307737692875,0.0,8231.44341555055,-65.34342047324417,-12156.780643589955,1138.6255246114902,6497.372320405344,-0.0,0.0,0.0,93.75128980556228,0.0,-4231.443415550549,-26.035726473244164,-3472.269992798603,3602.651156835546,2089.68764655603,-0.0,0.0,0.0,4.97401537429762,0.0,-4000.0,-39.307694,-1658.0051247658735
t1772,766.6038375701689,2895.8437335655512,-0.0,0.0,0.0,322.7225154063387,0.0,8031.629651918703,-64.11398267043913,-11952.685755790322,1138.811416824118,6239.11351640487,-0.0,0.0,0.0,92.16875930244163,0.0,-4031.6296519187026,-24.806288670439145,-3413.657751942282,1649.3709928018334,4014.7625265781858,-0.0,0.0,0.0,4.889144910872677,0.0,-4000.0,-39.307694,-1629.714970290892
t1773,766.6038375701689,2895.8437335655512,-0.0,0.0,0.0,312.32883168953276,0.0,7654.7531967517025,-61.79509255722769,-11567.73450701973,1220.7759182803024,5671.760415907338,-0.0,0.0,0.0,89.22197836559626,0.0,-3654.7531967517025,-22.48739855722769,-3304.5177172443055,576.3810662300581,5035.371211414214,-0.0,0.0,0.0,4.731528335940637,0.0,-4000.0,-39.307694,-1577.1761119802122
t1774,766.6038375701689,2895.8437335655512,-0.0,0.0,0.0,293.3965049192877,0.0,6968.264325660113,-57.57118248224414,-10866.537219232876,2069.669963864826,3936.482686392677,-0.0,0.0,0.0,83.79226163937189,0.0,-2968.264325660114,-18.263488482244142,-3103.417097754514,475.3404213871165,5040.715356932232,-0.0,0.0,0.0,4.4435749778917195,0.0,-4000.0,-39.307694,-1481.1916592972398
t1775,527.3586677106562,2895.8437335655512,-0.0,0.0,0.0,266.06193514438047,0.0,6217.835263289022,-52.95385362144339,-9854.145746088167,4771.333023092314,198.5577676399248,-0.0,0.0,0.0,75.98874915846652,0.0,-2217.8352632890224,-13.646159621443395,-2814.3981169802414,1369.3748984621159,4008.6764545149736,-0.0,0.0,0.0,4.028315924705385,0.0,-4000.0,-39.307694,-1342.7719749017951
t1776,36.73221166574802,0.0,-998.5483262752634,0.0,0.0,26.667725091997443,0.0,9900.0,-75.60991315,-8889.241697332482,8569.497576409454,0.0,-101.28701953326514,0.0,0.0,7.618580755444899,0.0,-5900.0,-36.30221915,-2539.526918481633,3397.703793855863,1850.4017863536992,-0.0,0.0,0.0,3.63730557535475,0.0,-4000.0,-39.307694,-1212.4351917849165
t1777,36.73221166574802,0.0,-1537.1238947694642,0.0,0.0,24.827839989605717,0.0,9826.669221160273,-75.15871484425763,-8275.946663201905,8219.119367329464,0.0,-0.0,0.0,0.0,7.091070587738009,0.0,-5826.669221160273,-35.85102084425764,-2363.69019591267,4664.396419781604,499.09330839328845,-0.0,0.0,0.0,3.382694185079917,0.0,-4000.0,-39.307694,-1127.5647283599724
t1778,36.73221166574802,0.0,-0.0,0.0,0.0,23.90031965792224,0.0,7969.874697452377,-63.734009468636636,-7966.773219307413,6263.245532045317,0.0,-0.0,0.0,0.0,6.827315503884565,0.0,-3969.8746974523774,-24.426315468636638,-2275.771834628188,6517.253416262893,0.0,-1395.064282533494,0.0,0.0,3.258419577921963,0.0,-4000.0,-39.307694,-1086.139859307321
t1779,36.73221166574802,0.0,-0.0,0.0,0.0,23.424435043300324,0.0,7810.743254393098,-62.75488666870549,-7808.145014433441,6057.796376771989,0.0,-0.0,0.0,0.0,6.690890460512094,0.0,-3810.743254393098,-23.4471926687055,-2230.2968201706976,6694.947000584724,0.0,-1593.911829863993,0.0,0.0,3.194766730353255,0.0,-4000.0,-39.307694,-1064.922243451085
t1780,78.48763176441885,0.0,-0.0,0.0,0.0,210.46527526288278,0.0,7567.314376516869,-61.25708862258661,-7795.010194921584,5768.03915157149,0.0,-0.0,0.0,0.0,47.47921623133127,0.0,-3567.314376516869,-21.949394622586606,-2226.254596663365,7010.993772939312,0.0,-1911.9732653622634,0.0,0.0,3.1887045543943304,0.0,-4000.0,-39.307694,-1062.9015181314435
t1781,36.73221166574802,0.0,-0.0,0.0,0.0,24.05793749206453,0.0,8022.580653115327,-64.05830491829536,-8019.312497354843,6331.3886462959645,0.0,-0.0,0.0,0.0,6.872790518342056,0.0,-4022.5806531153257,-24.750610918295372,-2290.930172780685,7551.58829773064,0.0,-2422.3478429983525,0.0,0.0,3.2796371937781994,0.0,-4000.0,-39.307694,-1093.2123979260664
t1782,36.73221166574802,0.0,-0.0,0.0,0.0,26.2585249456665,0.0,8758.436880255695,-68.58596831160754,-8752.8416485555,7280.330048134587,0.0,-0.0,0.0,0.0,7.5003457178554225,0.0,-4758.436880255695,-29.278274311607547,-2500.115239285141,7895.2263173665,0.0,-2666.260037021923,0.0,0.0,3.5797149037449656,0.0,-4000.0,-39.307694,-1193.238301248322
t1783,78.48763176441885,0.0,-0.0,0.0,0.0,272.5272974564094,0.0,9817.69215999435,-75.10347971853419,-10093.603609496646,8727.954514567962,0.0,-0.0,0.0,0.0,8.649347749814682,0.0,-5817.692159994351,-35.79578571853419,-2883.1159166048938,9431.25761421672,0.0,-4019.964319368869,0.0,0.0,4.12834182802764,0.0,-4000.0,-39.307694,-1376.1139426758803
t1784,78.48763176441885,548.0696669571944,-0.0,0.0,0.0,291.5687442656761,0.0,9956.6749668248,-75.9586296018632,-10798.842380210226,8994.26859204679,0.0,-0.0,0.0,0.0,83.27384647455649,0.0,-5956.674966824799,-36.650935601863196,-3084.2165360946847,11110.731381233481,0.0,-5599.325291874628,0.0,0.0,0.0,0.0,-4000.0,-39.307694,-1472.098395358853
t1785,938.9235900134779,591.0681166790267,-0.0,0.0,0.0,294.6786653777913,0.0,9160.413569672088,-71.05929812048643,-10914.024643621899,8225.55580206194,0.0,-0.0,0.0,0.0,84.17425176081481,0.0,-5160.413569672089,-31.751604120486437,-3117.564880030178,11126.897183790614,0.0,-5599.325291874628,0.0,0.0,0.0,0.0,-4000.0,-39.307694,-1488.264197915985
t1786,2398.7445519282182,0.0,-1363.0062010963986,0.0,0.0,32.67842057476977,0.0,9900.0,-75.60991315,-10892.80685825659,10796.566079787875,0.0,-1758.0968205030044,0.0,0.0,9.334504634307537,0.0,-5900.0,-36.30221915,-3111.501544769179,11122.85573315133,0.0,-5599.325291874628,0.0,0.0,0.0,0.0,-4000.0,-39.307694,-1484.222747276702
t1787,3256.127142778064,0.0,-1740.4719878058922,0.0,0.0,32.59051832111349,0.0,9387.718319465172,-72.45788572062617,-10863.506107037832,8513.967833437846,0.0,-0.0,0.0,0.0,9.307219625633042,0.0,-5387.718319465173,-33.150191720626175,-3102.406541877681,9871.714044528137,0.0,-4355.6582662087885,0.0,0.0,4.4435749778917195,0.0,-4000.0,-39.307694,-1481.1916592972398
t1788,4354.347540046405,0.0,-2895.8437335655512,0.0,0.0,32.20556707234291,0.0,9316.499331654077,-72.019681092972,-10735.189024114301,8667.726370166452,0.0,-260.6790764894473,0.0,0.0,9.201111258565565,0.0,-5316.499331654077,-32.711987092972,-3067.0370861885217,8306.393227396557,0.0,-2807.4620857985105,0.0,0.0,4.39204648224086,0.0,-4000.0,-39.307694,-1464.0154940802868
t1789,4715.604249674148,0.0,-2895.8437335655512,0.0,0.0,31.72058912113586,0.0,8790.833906388596,-68.78530457304566,-10573.529707045285,9211.754793503005,0.0,-1379.9534152347287,0.0,0.0,9.061654547562595,0.0,-4790.833906388596,-29.477610573045663,-3020.5515158541984,8262.475124559103,0.0,-2785.705277541566,0.0,0.0,4.32536254669269,0.0,-4000.0,-39.307694,-1441.78751556423
t1790,3623.40479756627,0.0,-518.2981049821112,0.0,0.0,31.61753130650436,0.0,7463.06855083063,-60.615672553173965,-10539.17710216812,6485.791148598413,0.0,-0.0,0.0,0.0,9.031337871257602,0.0,-3463.0685508306296,-21.30797855317397,-3010.445957085867,8122.151339720991,0.0,-2650.418150562661,0.0,0.0,4.310207106795379,0.0,-4000.0,-39.307694,-1436.735702265126
t1791,3937.835994533878,0.0,-0.0,0.0,0.0,31.456882360167025,0.0,6571.4642806393995,-55.12970414443535,-10485.627453389008,5573.588046860405,0.0,-0.0,0.0,0.0,8.98586285680011,0.0,-2571.4642806393995,-15.822010144435353,-2995.28761893337,6649.929079968038,0.0,-1185.2472118125972,0.0,0.0,4.288989490939143,0.0,-4000.0,-39.307694,-1429.6631636463808
t1792,4891.664992887949,0.0,-0.0,0.0,0.0,286.1673023341076,0.0,5469.304887338691,-48.34820722344664,-10598.788975337318,2997.4232721755757,1425.8183785216481,-0.0,0.0,0.0,81.71860098011032,0.0,-1469.3048873386902,-9.040513223446643,-3026.614851115197,8288.274224043977,0.0,-2808.482382310915,0.0,0.0,4.334455810631077,0.0,-4000.0,-39.307694,-1444.8186035436922
t1793,4352.1883065105185,1354.9380199200527,-0.0,0.0,0.0,307.5002699628276,0.0,5422.331474762933,-48.05918364420113,-11388.898887512132,4596.231889009753,0.0,-0.0,0.0,0.0,87.83044292319703,0.0,-1422.331474762933,-8.751489644201135,-3252.979367525816,10182.133474974433,0.0,-4594.557155054354,0.0,0.0,4.6587822244335415,0.0,-4000.0,-39.307694,-1552.927408144514
t1794,2783.574813046391,0.0,-0.0,0.0,0.0,35.12452811617031,0.0,8959.29855136459,-69.82185380371438,-11708.176038723437,8324.71784362898,0.0,-0.0,0.0,0.0,10.034819856952891,0.0,-4959.298551364589,-30.51415980371438,-3344.9399523176303,9935.182775305659,0.0,-4304.291197796402,0.0,0.0,4.789119007550421,0.0,-4000.0,-39.307694,-1596.3730025168068
t1795,4352.1883065105185,2877.6410751727053,-0.0,0.0,0.0,310.5283510456766,0.0,3999.9999999998586,-39.307694,-11501.050038728761,1142.2996170041188,2053.330704511275,-0.0,0.0,0.0,88.67627819210634,0.0,1.412009884868991e-10,-0.0,-3284.306599707643,276.0701754102133,5326.616118087486,-0.0,0.0,0.0,4.704248544125477,0.0,-4000.0,-39.307694,-1568.0828480418254
t1796,4352.1883065105185,2515.863689503817,-0.0,0.0,0.0,300.48930745569066,0.0,4000.0,-39.307694,-11129.233609470026,1151.0449385438378,1942.3252126832012,-0.0,0.0,0.0,85.83863728995895,0.0,-0.0,-0.0,-3179.208788516998,265.08116242663453,5287.238552479001,-0.0,0.0,0.0,4.552694145152362,0.0,-4000.0,-39.307694,-1517.5647150507873
t1797,4352.1883065105185,2098.0501326852873,-0.0,0.0,0.0,288.8953033096473,0.0,4000.0,-39.307694,-10699.826048505454,1143.8400923321728,1830.5542838476729,-0.0,0.0,0.0,82.53715124034515,0.0,-0.0,-0.0,-3056.931527420191,174.98729098218016,5318.907192756659,-0.0,0.0,0.0,4.376891042343549,0.0,-4000.0,-39.307694,-1458.9636807811828
t1798,4352.1883065105185,1520.975878914756,-0.0,0.0,0.0,272.8819375832296,0.0,4000.0,-39.307694,-10106.738429008503,1138.6255246114902,1670.5793457177058,-0.0,0.0,0.0,77.95326978303012,0.0,-0.0,-0.0,-2887.158140112226,83.14922745156272,5329.151398968131,-0.0,0.0,0.0,4.131372916007104,0.0,-4000.0,-39.307694,-1377.1243053357011
t1799,4352.1883065105185,698.1289446627361,-0.0,0.0,0.0,250.04856941796288,0.0,4000.0,-39.307694,-9261.058126591217,1138.6255246114902,1435.577608227794,-0.0,0.0,0.0,71.43215270982598,0.0,-0.0,-0.0,-2645.6352855491104,43.14781084741687,5255.32434795421,-0.0,0.0,0.0,3.7888599743278646,0.0,-4000.0,-39.307694,-1262.9533247759548
t1800,4352.1883065105185,0.0,-0.0,0.0,0.0,30.760889714036892,0.0,4000.0,-39.307694,-8343.641502224555,1711.015643107111,608.5203348790895,-0.0,0.0,0.0,64.36533546313197,0.0,-0.0,-0.0,-2383.901313449332,2369.762228643227,2803.800815250078,-0.0,0.0,0.0,3.4130050648745405,0.0,-4000.0,-39.307694,-1137.66835495818
t1801,2746.5799084926343,0.0,-0.0,0.0,0.0,23.006141560384247,0.0,4944.245362165805,-45.117558757409185,-7668.713853461416,3134.367712474498,0.0,-0.0,0.0,0.0,6.572655422922617,0.0,-944.2453621658058,-5.809864757409186,-2190.885140974206,2178.547781646273,2903.348089209474,-0.0,0.0,0.0,3.1371760587434716,0.0,-4000.0,-39.307694,-1045.7253529144905
t1802,2409.9844901324013,0.0,-0.0,0.0,0.0,21.824007804317073,0.0,4887.62997908846,-44.769208919487994,-7274.669268105691,2964.561268128538,0.0,-0.0,0.0,0.0,6.23310864830669,0.0,-887.62997908846,-5.461514919487999,-2077.7028827688964,2641.9066887863523,2385.5932771899643,-0.0,0.0,0.0,2.973497307852508,0.0,-4000.0,-39.307694,-991.1657692841693
t1803,3056.6134791373133,0.0,-0.0,0.0,0.0,21.135945336042077,0.0,4006.9159347233726,-39.35024718270423,-7045.3151120140255,2013.946712637699,0.0,-0.0,0.0,0.0,6.0390819199547305,0.0,-6.915934723372882,-0.04255318270423339,-2013.0273066515767,2941.4912515430397,2054.7814357061966,-0.0,0.0,0.0,2.879533580489177,0.0,-4000.0,-39.307694,-959.8445268297256
t1804,3451.7700226737575,0.0,-0.0,0.0,0.0,20.8964874726336,0.0,3534.9981266936093,-42.16881262880155,-6965.495824211199,1521.6744132423726,0.0,-0.0,0.0,0.0,5.969353564453245,0.0,465.00187330639085,-2.8611186288015484,-1989.7845214844149,1909.6060623481965,3075.5859776107854,-0.0,0.0,0.0,2.8461916127150912,0.0,-4000.0,-39.307694,-948.7305375716971
t1805,3908.2508220746645,0.0,-0.0,0.0,0.0,21.05713641897093,0.0,3134.371351025082,-44.63383652840778,-7019.04547299031,1138.6255246114902,0.0,-0.0,0.0,0.0,6.014828578910735,0.0,865.6286489749184,-5.3261425284077815,-2004.9428596369116,1042.6812116729593,3950.569480860753,-0.0,0.0,0.0,2.87044031655079,0.0,-4000.0,-39.307694,-956.8134388502633
t1806,3805.271954561633,0.0,-0.0,0.0,0.0,21.893723384803085,0.0,3513.045999267681,-42.3038822797549,-7297.907794934362,1594.5646311324438,0.0,-0.0,0.0,0.0,6.254330321720186,0.0,486.95400073231923,-2.9961882797549007,-2084.7767739067285,525.2144822299322,4505.307478461908,-0.0,0.0,0.0,2.9825905717908947,0.0,-4000.0,-39.307694,-994.1968572636316
t1807,4352.1883065105185,0.0,-0.0,0.0,0.0,23.50324396037147,0.0,3501.1004850414956,-42.377382055229205,-7834.414653457156,1138.6255246114902,542.5063505884312,-0.0,0.0,0.0,60.40900920533031,0.0,498.8995149585045,-3.069688055229209,-2237.3707113085297,1.3346676999410547,5102.722497736314,-0.0,0.0,0.0,3.2038599942916415,0.0,-4000.0,-39.307694,-1067.9533314305472
t1808,4352.1883065105185,0.0,-0.0,0.0,0.0,171.20242141797397,0.0,3999.9999999999036,-39.30769400000059,-8484.083033928262,1139.914899874258,1217.9686419700338,-0.0,0.0,0.0,65.42945080143724,0.0,9.621941751323722e-11,-5.920302340764213e-13,-2423.3129926458237,8.779710249102582,5183.922633509187,-0.0,0.0,0.0,3.4705957364843236,0.0,-4000.0,-39.307694,-1156.8652454947746
t1809,4593.548378344842,0.0,-0.0,0.0,0.0,27.592214311485876,0.0,4619.382884246023,-43.118706407060714,-9197.404770495292,3242.7568405798997,0.0,-0.0,0.0,0.0,7.882335839298341,0.0,-619.3828842460234,-3.811012407060716,-2627.4452797661143,7.697353127676326,5281.70882152738,-0.0,0.0,0.0,3.7615801825127044,0.0,-4000.0,-39.307694,-1253.860060837568
t1810,5361.298715404016,0.0,-0.0,0.0,0.0,261.28793343718615,0.0,4094.634189659013,-39.889970456285454,-9677.330868043931,2850.7951782846053,0.0,-0.0,0.0,0.0,8.291610969415757,0.0,-94.63418965901343,-0.5822764562854524,-2763.8703231385857,2566.0664709675143,2788.816255857225,-0.0,0.0,0.0,3.9586009011777525,0.0,-4000.0,-39.307694,-1319.5336337259175
t1811,3709.047610091291,0.0,-0.0,0.0,0.0,29.72611729679688,0.0,6222.917160330638,-52.98512211976585,-9908.70576559896,5057.6623742177435,0.0,-0.0,0.0,0.0,8.488669365398216,0.0,-2222.9171603306377,-13.677428119765844,-2829.5564551327384,3005.1406444611034,2380.9693610907166,-0.0,0.0,0.0,4.0525646285410835,0.0,-4000.0,-39.307694,-1350.854876180361
t1812,3854.453382422016,0.0,-564.4775807054511,0.0,0.0,29.768552867527497,0.0,6658.773511987626,-55.66691072921863,-9922.8509558425,5501.238135530197,0.0,-0.0,0.0,0.0,8.503827703550712,0.0,-2658.773511987625,-16.35921672921863,-2834.609234516904,2541.135326389931,2846.989342305572,-0.0,0.0,0.0,4.058626804500007,0.0,-4000.0,-39.307694,-1352.8756015000026
t1813,5422.307502206423,0.0,-2895.8437335655512,0.0,0.0,29.45634831143796,0.0,7322.614121423074,-59.75146789606528,-9818.78277047932,6146.236200001707,0.0,-7.298624145293697,0.0,0.0,8.412877674635732,0.0,-3322.614121423074,-20.44377389606528,-2804.2925582119105,1903.8012761655336,3470.2207505241913,-0.0,0.0,0.0,4.016191572787536,0.0,-4000.0,-39.307694,-1338.730524262512
t1814,5838.956907310421,0.0,-2895.8437335655512,0.0,0.0,29.02896149193675,0.0,6760.471009216766,-56.292647141323506,-9676.32049731225,6064.447265356759,0.0,-531.4125908295,0.0,0.0,8.291610969415757,0.0,-2760.471009216766,-16.98495314132351,-2763.8703231385857,1688.5748266521884,3666.3079001725514,-0.0,0.0,0.0,3.9586009011777525,0.0,-4000.0,-39.307694,-1319.5336337259175
t1815,4878.014059700623,0.0,-1884.5709323179997,0.0,0.0,28.83497031145393,0.0,6644.96059375968,-55.58192096911491,-9611.656770484644,5398.678097132317,0.0,-0.0,0.0,0.0,8.237040952066769,0.0,-2644.96059375968,-16.274226969114917,-2745.6803173555895,2781.247598804538,2564.56914387363,-0.0,0.0,0.0,3.9313211093625915,0.0,-4000.0,-39.307694,-1310.4403697875307
t1816,3735.028432564658,0.0,-0.0,0.0,0.0,29.180517101688956,0.0,6014.331797612639,-51.70171338266906,-9726.839033896318,4796.409868093315,0.0,-0.0,0.0,0.0,8.33405431624275,0.0,-2014.3317976126389,-12.394019382669063,-2778.0181054142495,1397.819939324011,3963.1067769317765,-0.0,0.0,0.0,3.976787429054526,0.0,-4000.0,-39.307694,-1325.5958096848422
t1817,1180.6988385137558,2895.8437335655512,-0.0,0.0,0.0,282.75730111468306,0.0,6165.826609295285,-52.633848612125234,-10472.492633877151,1581.2985789565118,3508.335954700436,-0.0,0.0,0.0,80.76362567650303,0.0,-2165.8266092952854,-13.326154612125237,-2991.2453954260377,3222.4526242699353,2240.2145807418233,-0.0,0.0,0.0,4.282927314980218,0.0,-4000.0,-39.307694,-1427.6424383267392
t1818,1180.6988385137558,763.0279120774592,-0.0,0.0,0.0,293.5329049680646,0.0,8702.571651443759,-68.24223411174385,-10871.589072891282,3070.2514950371906,4682.8460743697715,-0.0,0.0,0.0,83.84683165672088,0.0,-4702.571651443759,-28.93454011174386,-3105.4382095081805,4597.198521545992,919.8645883451975,-0.0,0.0,0.0,4.4466060658711815,0.0,-4000.0,-39.307694,-1482.2020219570604
t1819,1180.6988385137558,2895.8437335655512,-0.0,0.0,0.0,288.10418302674077,0.0,6359.70531064104,-53.8267684603915,-10670.525297286695,3130.0149567292137,2209.7543667386362,-0.0,0.0,0.0,82.29158616227471,0.0,-2359.70531064104,-14.5190744603915,-3047.8365245286927,3831.9409035029594,1657.9242539485151,-0.0,0.0,0.0,4.3647666904257,0.0,-4000.0,-39.307694,-1454.9222301419
t1820,1180.6988385137558,2895.8437335655512,-0.0,0.0,0.0,278.6652996513736,0.0,6017.4500521429245,-51.720899748656166,-10320.937024124949,2283.2151101015274,2614.8492702087683,-0.0,0.0,0.0,79.59037030349977,0.0,-2017.4500521429252,-12.413205748656168,-2947.7914927222137,4053.9661339868107,1388.554439588122,-0.0,0.0,0.0,4.222305555390972,0.0,-4000.0,-39.307694,-1407.435185130324
t1821,1180.6988385137558,2895.8437335655512,-0.0,0.0,0.0,269.1991362662511,0.0,5674.20561659713,-49.60894471116438,-9970.338380231522,3460.1435575429164,996.2038871045468,-0.0,0.0,0.0,76.91643945339932,0.0,-1674.20561659713,-10.30125071116439,-2848.757016792568,4373.837971642468,1020.3306864840829,-0.0,0.0,0.0,4.076813332376782,0.0,-4000.0,-39.307694,-1358.9377774589273
t1822,1180.6988385137558,302.92045721774,-0.0,0.0,0.0,255.99561154463925,0.0,7804.420019139146,-62.7159803175316,-9481.31894609775,6462.994232121797,0.0,-0.0,0.0,0.0,73.12382324764464,0.0,-3804.420019139145,-23.4082863175316,-2708.289749912764,4391.025097244108,936.6596771409168,-0.0,0.0,0.0,3.8767615257322703,0.0,-4000.0,-39.307694,-1292.2538419107568
t1823,1180.6988385137558,0.0,-0.0,0.0,0.0,237.69072499876833,0.0,7445.478061331958,-60.50743970491353,-8803.360185139567,2727.5230192666527,3186.5159786170398,-0.0,0.0,0.0,67.91238659081623,0.0,-3445.478061331957,-21.199745704913536,-2515.273577437638,5554.16525543961,0.0,-318.14765409214374,0.0,0.0,3.6009325196012023,0.0,-4000.0,-39.307694,-1200.3108398670674
t1824,755.6472566488037,943.5982059772365,-0.0,0.0,0.0,216.49415741882538,0.0,6155.130543167266,-52.56803658896892,-8018.302126623162,4396.482673003683,0.0,-0.0,0.0,0.0,61.827829656404,0.0,-2155.1305431672663,-13.260342588968923,-2289.919616903852,7975.53296058958,0.0,-2846.292505857293,0.0,0.0,3.2796371937781994,0.0,-4000.0,-39.307694,-1093.2123979260664
t1825,0.0,0.0,-83.80998431107959,0.0,0.0,22.20592794089262,0.0,7524.574148148492,-60.994111480764595,-7401.97598029754,5654.00121128114,0.0,-0.0,0.0,0.0,6.342248683004666,0.0,-3524.5741481484915,-21.686417480764593,-2114.082894334889,9811.213761352226,0.0,-4765.581827082766,0.0,0.0,3.0280568914828287,0.0,-4000.0,-39.307694,-1009.352297160943
t1826,0.0,0.0,-347.9391395681619,0.0,0.0,21.017731960435363,0.0,7393.0167103742515,-60.184649288070865,-7005.910653478453,5408.791599883512,0.0,-0.0,0.0,0.0,6.0027019083887385,0.0,-3393.016710374251,-20.87695528807087,-2000.9006361295794,10593.42569940525,0.0,-5599.325291874628,0.0,0.0,0.0,0.0,-4000.0,-39.307694,-954.7927135306218
t1827,0.0,0.0,-2895.8437335655512,0.0,0.0,20.390291736061243,0.0,9746.885163892191,-74.66781004228778,-6796.763912020414,8919.366886429043,0.0,-1200.6600764071252,0.0,0.0,5.826865185819775,0.0,-5746.8851638921915,-35.36011604228779,-1942.2883952732584,10565.135544930268,0.0,-5599.325291874628,0.0,0.0,0.0,0.0,-4000.0,-39.307694,-926.5025590556404
t1828,0.0,0.0,-2895.8437335655512,0.0,0.0,20.114460526312236,0.0,9654.649741482033,-74.10029300538503,-6704.820175437411,9839.757719795103,0.0,-2241.057002868715,0.0,0.0,5.745010159796292,0.0,-5654.649741482034,-34.79259900538503,-1915.003386598764,10552.0008303526,0.0,-5599.325291874628,0.0,0.0,0.0,0.0,-4000.0,-39.307694,-913.3678444779705
t1829,0.0,0.0,-2895.8437335655512,0.0,0.0,20.275109472649568,0.0,9708.369273215421,-74.43082490599873,-6758.369824216523,10336.996510393861,0.0,-2669.1328666954323,0.0,0.0,5.790485174253782,0.0,-5708.369273215422,-35.12313090599873,-1930.1617247512609,10560.083731631164,0.0,-5599.325291874628,0.0,0.0,0.0,0.0,-4000.0,-39.307694,-921.4507457565365
t1830,0.0,0.0,-2889.864146306298,0.0,0.0,20.866176350683155,0.0,9900.0,-75.60991315,-6955.392116894385,9774.136525723357,0.0,-1857.0417112810019,0.0,0.0,5.960258561561747,0.0,-5900.0,-36.30221915,-1986.7528538539157,10587.363523446324,0.0,-5599.325291874628,0.0,0.0,0.0,0.0,-4000.0,-39.307694,-948.7305375716971
t1831,0.0,0.0,-2489.950317370236,0.0,0.0,22.06952789211564,0.0,9900.0,-75.60991315,-7356.50929737188,8781.981074211339,0.0,-751.036024129089,0.0,0.0,6.3028370038081745,0.0,-5900.0,-36.30221915,-2100.9456679360583,10641.923107076647,0.0,-5599.325291874628,0.0,0.0,0.0,0.0,-4000.0,-39.307694,-1003.2901212020184
t1832,0.0,0.0,-2069.8896960444476,0.0,0.0,23.333501677449007,0.0,9900.0,-75.60991315,-7777.833892483001,8598.404182686967,0.0,-446.5562275004009,0.0,0.0,6.666637119468098,0.0,-5900.0,-36.30221915,-2222.2123731560328,9971.421610237983,0.0,-4874.415765804617,0.0,0.0,3.182642378435406,0.0,-4000.0,-39.307694,-1060.880792811802
t1833,2003.7705494018855,0.0,-1827.6839770776721,0.0,0.0,25.246133472521795,0.0,8279.685367649989,-65.64024927279291,-8415.377824173931,6702.9180166158185,0.0,-0.0,0.0,0.0,7.212337292957986,0.0,-4279.685367649989,-26.332555272792916,-2404.1124309859947,10786.404967431015,0.0,-5599.325291874628,0.0,0.0,0.0,0.0,-4000.0,-39.307694,-1147.7719815563876
t1834,3123.6663492478915,0.0,-2895.8437335655512,0.0,0.0,26.716222887118146,0.0,8719.213420027458,-68.34462955753521,-8905.407629039382,7960.001156628621,0.0,-675.8123664806295,0.0,0.0,7.630707425966896,0.0,-4719.213420027458,-29.03693555753522,-2543.5691419889654,10853.088902979187,0.0,-5599.325291874628,0.0,0.0,0.0,0.0,-4000.0,-39.307694,-1214.455917104558
t1835,4029.216501381436,0.0,-2101.6549940866544,0.0,0.0,27.489156496854378,0.0,7267.413323713111,-59.41182188662089,-9163.052165618126,5897.005153434522,0.0,-0.0,0.0,0.0,7.85201916299335,0.0,-3267.4133237131114,-20.10412788662089,-2617.339720997783,10455.245019311491,0.0,-5170.875502515642,0.0,0.0,3.7464247426153925,0.0,-4000.0,-39.307694,-1248.808247538464
t1836,3903.9808420438176,372.47482812887415,-0.0,0.0,0.0,251.19432982768953,0.0,4820.198002786463,-44.354305465007876,-9303.493697321834,3410.2637266405004,0.0,-0.0,0.0,0.0,71.73228780524542,0.0,-820.1980027864628,-5.046611465007878,-2656.751400194275,9422.120014792616,0.0,-4118.611198131783,0.0,0.0,3.8040154142251756,0.0,-4000.0,-39.307694,-1268.0051380750585
t1837,3832.9336891503617,146.79414735362727,-0.0,0.0,0.0,252.5583303154594,0.0,5168.221734206956,-46.49566712050406,-9354.012233905902,3775.17788273887,0.0,-0.0,0.0,0.0,72.14156293536284,0.0,-1168.2217342069569,-7.187973120504066,-2671.9097383467715,6441.284918276923,0.0,-1130.7247806132016,0.0,0.0,3.8252330300814115,0.0,-4000.0,-39.307694,-1275.0776766938038
t1838,4147.227026526499,0.0,-874.4115054456397,0.0,0.0,27.9104810919655,0.0,6054.717900933948,-51.95020578493765,-9303.493697321834,4716.1415587125775,0.0,-0.0,0.0,0.0,7.970254200582824,0.0,-2054.7179009339475,-12.642511784937653,-2656.751400194275,8356.742690628444,0.0,-3053.2338739676106,0.0,0.0,3.8040154142251756,0.0,-4000.0,-39.307694,-1268.0051380750585
t1839,4093.038520082337,0.0,-886.1293943208459,0.0,0.0,27.755894370018254,0.0,6069.339943898174,-52.04017402360003,-9251.964790006085,4716.74823098663,0.0,-0.0,0.0,0.0,7.927810853755834,0.0,-2069.339943898174,-12.73248002360004,-2642.6036179186112,8628.024450354616,0.0,-3331.5669546966715,0.0,0.0,3.78279779836894,0.0,-4000.0,-39.307694,-1260.9325994563133
t1840,4150.567755946517,739.7264743811781,-0.0,0.0,0.0,256.51393172999184,0.0,4395.448685474669,-41.74085753265777,-9500.515989999696,3037.96413001324,0.0,-0.0,0.0,0.0,73.2602482910171,0.0,-395.44868547466916,-2.4331635326577734,-2713.3425292969296,6162.093657073009,0.0,-831.3868879724611,0.0,0.0,3.8858547896706574,0.0,-4000.0,-39.307694,-1295.2849298902192
t1841,1973.3163390449233,2895.8437335655512,-0.0,0.0,0.0,286.4946624511724,0.0,5503.819260403843,-48.56057134799512,-10610.913424117494,2232.691801581246,2229.2096697783495,-0.0,0.0,0.0,81.8277410148083,0.0,-1503.8192604038434,-9.252877347995126,-3030.6570746225293,5989.866358420848,0.0,-508.0598535441041,0.0,0.0,4.340517986590002,0.0,-4000.0,-39.307694,-1446.8393288633338
t1842,1973.3163390449233,2895.8437335655512,-0.0,0.0,0.0,303.5173885385397,0.0,6121.065738157668,-52.35843862002647,-11241.384760686655,3409.9788530181154,1848.9724487676938,-0.0,0.0,0.0,86.71175756754276,0.0,-2121.0657381576675,-13.050744620026471,-3211.546576575658,5236.397956571605,331.0317319116494,-0.0,0.0,0.0,4.598160464844296,0.0,-4000.0,-39.307694,-1532.7201549480988
t1843,1973.3163390449233,2895.8437335655512,-0.0,0.0,0.0,301.8260279337051,0.0,6059.736761201357,-51.98108642312591,-11178.74177532241,1200.283563899971,3979.262533105772,-0.0,0.0,0.0,86.22062741140186,0.0,-2059.7367612013577,-12.673392423125916,-3193.356570792662,269.54316156770295,5289.827874340821,-0.0,0.0,0.0,4.573911761008597,0.0,-4000.0,-39.307694,-1524.6372536695326
t1844,1973.3163390449233,2895.8437335655512,-0.0,0.0,0.0,294.81506542656825,0.0,5805.51825994698,-50.41690070371557,-10919.076497280306,4851.001365788191,0.0,-0.0,0.0,0.0,84.20153676948931,0.0,-1805.5182599469795,-11.109206703715579,-3118.575435907011,952.9693023010863,4571.145128592992,-0.0,0.0,0.0,4.467823681727418,0.0,-4000.0,-39.307694,-1489.2745605758057
t1845,1973.3163390449233,2043.6035209631748,-0.0,0.0,0.0,283.35746132930177,0.0,6247.5803412989535,-53.13687266221464,-10494.72078997414,5177.790914919655,0.0,-0.0,0.0,0.0,80.92733572854999,0.0,-2247.5803412989535,-13.829178662214646,-2997.3087306870366,818.2927775555592,4647.396422171724,-0.0,0.0,0.0,4.292020578918605,0.0,-4000.0,-39.307694,-1430.6735263062014
t1846,923.512046673024,0.0,-207.9534968042688,0.0,0.0,29.38057050656186,0.0,9119.39127308487,-70.80689127290245,-9793.523502187287,7939.717481430629,0.0,-0.0,0.0,0.0,8.391656001222236,0.0,-5119.391273084871,-31.49919727290245,-2797.2186670740784,1811.0462701278173,3559.9537618463833,-0.0,0.0,0.0,4.007098308849149,0.0,-4000.0,-39.307694,-1335.6994362830496
t1847,923.5120466730241,0.0,-1914.5410102476435,0.0,0.0,26.579822838341165,0.0,9900.0,-75.60991315,-8859.940946113722,9532.81755108026,0.0,-1073.674712086895,0.0,0.0,7.591295746770404,0.0,-5900.0,-36.30221915,-2530.431915590135,2017.85983255838,3226.216421363816,-0.0,0.0,0.0,3.6251812234369,0.0,-4000.0,-39.307694,-1208.3937411456334
t1848,923.5120466730241,0.0,-1626.5337653816523,0.0,0.0,23.927599667677637,0.0,8723.330637393936,-68.36996246043792,-7975.866555892545,8202.676182074878,0.0,-1179.3237086777947,0.0,0.0,6.833378839145564,0.0,-4723.330637393936,-29.062268460437917,-2277.7929463818546,4442.3415009271175,680.854964374123,-0.0,0.0,0.0,3.2614506659014255,0.0,-4000.0,-39.307694,-1087.1502219671418
